Tiempos de ejecución y valor de la función objetivo de metaheurística con 50 repeticiones de 20 iteraciones y 60 hormigas:

(Tiempo de ejecución, Valor función objetivo)
(1.7812511920928955, 22.145668783648517)
(1.781250238418579, 22.46339367764635)
(1.7761585712432861, 22.666769080094042)
(1.7812488079071045, 22.579832329805484)
(1.7812511920928955, 22.57937664444126)
(1.78125, 22.523898672203053)
(1.7656235694885254, 22.341725012414532)
(1.7656197547912598, 22.287954230690023)
(1.7656261920928955, 22.448698524208634)
(1.765624761581421, 22.289408275821625)
(1.7656230926513672, 22.84305569206979)
(1.7667834758758545, 22.691384624662092)
(1.7968740463256836, 22.347364432502157)
(1.7761356830596924, 22.210967649465704)
(1.7867131233215332, 22.47554183168814)
(1.7812507152557373, 22.42591908913441)
(1.781249761581421, 22.853318222393796)
(1.7656242847442627, 22.137271463180646)
(1.7656235694885254, 22.485118081827512)
(1.7656207084655762, 22.720920819910326)
(1.7656209468841553, 22.626323709410944)
(1.7751543521881104, 22.60279963791554)
(1.7727634906768799, 22.302025309185122)
(1.765622854232788, 22.624472248098023)
(1.7812466621398926, 22.362436830611376)
(1.781249761581421, 22.222549478488226)
(1.7656266689300537, 22.415275100441985)
(1.7656242847442627, 22.11699042185433)
(1.7812519073486328, 22.286599398585075)
(1.7812471389770508, 22.343308579716766)
(1.7812504768371582, 22.306214410319495)
(1.766777753829956, 22.05752897657647)
(1.781247615814209, 21.92772605034854)
(1.7761523723602295, 22.21277407229369)
(1.7864880561828613, 22.252493615285424)
(1.7656259536743164, 22.431948992473153)
(1.7812495231628418, 22.374658584967495)
(1.765625, 22.41362901186791)
(1.7656245231628418, 22.904658943611903)
(1.7824153900146484, 22.40964861696125)
(1.7812485694885254, 22.542922004902)
(1.7788054943084717, 22.708281172166334)
(1.7687718868255615, 22.49927838996562)
(1.7656230926513672, 22.297771338419246)
(1.7656214237213135, 22.35578261108643)
(1.7656173706054688, 22.448468800715542)
(1.765620231628418, 22.47201784251217)
(1.765625, 22.6170582914248)
(1.7667756080627441, 22.72700747360594)
(1.7656214237213135, 22.4351817572105)

Promedio de tiempos:
1.7734719514846802 segundos
1773.4719514846802 milisegundos

Desviación estándar:
0.00822583502672167 segundos
8.22583502672167 milisegundos

Promedio valor función objetivo:
22.43630837617659
Desviación estándar valor función objetivo:
0.20687976705626532