Tiempos de ejecución y valor de la función objetivo de metaheurística con 50 repeticiones de 50 iteraciones y 70 hormigas:

(Tiempo de ejecución, Valor función objetivo)
(5.2187511920928955, 22.53341250341758)
(5.219907522201538, 22.450973220014316)
(5.219950437545776, 22.237781682046016)
(5.232931137084961, 22.08623359471529)
(5.173027276992798, 22.382877046057104)
(5.234375, 22.374852109957743)
(5.2076733112335205, 22.729166592924226)
(5.203121900558472, 22.563604100003783)
(5.126145839691162, 22.170402386505355)
(5.218750715255737, 22.810337641085955)
(5.206814527511597, 22.782953400514895)
(5.140624761581421, 22.274207371929524)
(5.204282760620117, 22.514722588586118)
(5.032221794128418, 20.73302965907964)
(5.234373331069946, 22.575820501469195)
(5.234379053115845, 22.652598292292076)
(5.234371185302734, 22.638111137839577)
(5.2355194091796875, 22.69927273937154)
(5.234942674636841, 22.32032844900731)
(5.219976425170898, 22.416609380827026)
(5.235938549041748, 22.489509021757645)
(5.249537467956543, 22.705972362094997)
(5.234374284744263, 22.0658658361811)
(5.21875, 22.32795568598323)
(5.218750715255737, 22.61022340878916)
(5.2455809116363525, 22.87986094669135)
(5.234376430511475, 22.22640253964454)
(5.211653709411621, 22.263743614620292)
(5.218749523162842, 22.380628623397467)
(5.203125, 22.24100954449276)
(5.204282283782959, 22.45530352963238)
(5.218750476837158, 22.403666828567722)
(5.203865051269531, 22.62580616794654)
(5.203125, 22.47414955110484)
(5.167547702789307, 22.13009416168026)
(5.225172996520996, 22.461330427514124)
(5.218750953674316, 22.19797119045338)
(5.1573872566223145, 22.181866534191762)
(5.2187511920928955, 22.08612150251529)
(5.040976524353027, 20.399039922622052)
(5.211291551589966, 22.63255062724232)
(5.199677467346191, 21.957962942005892)
(5.2075982093811035, 22.36643995748576)
(5.265621662139893, 22.056022092078994)
(5.2199766635894775, 22.44921919038097)
(5.046875476837158, 20.439316448876067)
(5.202869653701782, 22.127774144634895)
(5.236577749252319, 22.14788782300979)
(5.234373331069946, 22.39315043898782)
(5.242923259735107, 22.523117777995008)

Promedio de tiempos:
5.204587426185608 segundos
5204.587426185608 milisegundos

Desviación estándar:
0.04880814980227047 segundos
48.80814980227047 milisegundos

Promedio valor función objetivo:
22.292945144804452
Desviación estándar valor función objetivo:
0.4978754749774621