Tiempos de ejecución y valor de la función objetivo de metaheurística con 50 repeticiones de 20 iteraciones y 40 hormigas:

(Tiempo de ejecución, Valor función objetivo)
(1.1874992847442627, 22.43993651591952)
(1.2031309604644775, 22.452689220308475)
(1.1874940395355225, 22.716725133388877)
(1.1909098625183105, 22.461837896527037)
(1.1718754768371582, 22.134084675502564)
(1.1874995231628418, 22.8758095850071)
(1.1718776226043701, 22.824763955629198)
(1.1874980926513672, 22.552215018622245)
(1.1875, 22.313186701572686)
(1.1875, 22.389676895146515)
(1.171875, 22.58454309808562)
(1.1875, 22.39949108190241)
(1.1874990463256836, 22.806220008060688)
(1.1874995231628418, 22.633318821680536)
(1.1718719005584717, 22.74285960777949)
(1.173037052154541, 22.234451948827356)
(1.1824333667755127, 22.210336256584057)
(1.1874992847442627, 22.435768658717436)
(1.1718769073486328, 22.148325970605775)
(1.1718757152557373, 22.03678016315285)
(1.187499761581421, 22.342918594376428)
(1.1874995231628418, 22.231927699736033)
(1.1874983310699463, 22.312951146240117)
(1.1875007152557373, 22.14605459346107)
(1.204258918762207, 22.74723082485165)
(1.1874992847442627, 22.677151269402316)
(1.1875, 22.368915533842618)
(1.1875004768371582, 22.638162152956813)
(1.1840558052062988, 22.43586159285587)
(1.1875007152557373, 22.4309674340057)
(1.187497854232788, 22.4532793111064)
(1.1875038146972656, 22.39365622114397)
(1.1718745231628418, 22.33740706598473)
(1.1718723773956299, 22.593779609379897)
(1.1875011920928955, 22.4868103614314)
(1.1874988079071045, 22.57885624150527)
(1.1875011920928955, 22.482527030301245)
(1.171874761581421, 21.99515064381888)
(1.1718740463256836, 22.60847245218527)
(1.1718754768371582, 22.651583642360983)
(1.1875004768371582, 22.277260864681235)
(1.1887421607971191, 22.39797935482716)
(1.1718699932098389, 22.630817184161316)
(1.1874964237213135, 22.20118284045099)
(1.1406259536743164, 20.8433276165228)
(1.1930556297302246, 22.469126198361046)
(1.1874995231628418, 22.332024834421777)
(1.1874992847442627, 22.26793620130139)
(1.171875238418579, 22.412713979662975)
(1.1823315620422363, 22.846235973957146)

Promedio de tiempos:
1.1827887296676636 segundos
1182.7887296676636 milisegundos

Desviación estándar:
0.01010349803885405 segundos
10.103498038854049 milisegundos

Promedio valor función objetivo:
22.419705793646298
Desviación estándar valor función objetivo:
0.3068512306821002