Tiempos de ejecución y valor de la función objetivo de metaheurística con 50 repeticiones de 40 iteraciones y 20 hormigas:

(Tiempo de ejecución, Valor función objetivo)
(1.2031257152557373, 22.54645215365407)
(1.1718740463256836, 21.0051845635974)
(1.203125238418579, 22.12187315884999)
(1.203125, 22.52350395944607)
(1.2031242847442627, 22.239768449194305)
(1.1980795860290527, 22.159722401283616)
(1.1874988079071045, 22.329185072484986)
(1.2031242847442627, 22.324401864739894)
(1.2031259536743164, 22.385983187330783)
(1.203125, 22.525519840321003)
(1.203129529953003, 22.28810045311794)
(1.2031264305114746, 22.62434445579941)
(1.203117847442627, 22.540084603340823)
(1.2031254768371582, 22.424534730218284)
(1.2031207084655762, 22.705137334458218)
(1.2031259536743164, 21.966069514439894)
(1.203125, 22.665019745354932)
(1.2031219005584717, 22.182570766021385)
(1.203125238418579, 22.544348084456423)
(1.1874990463256836, 22.085378915866553)
(1.1874969005584717, 22.452139985469845)
(1.1875014305114746, 22.50339626186054)
(1.156250238418579, 20.775907062716495)
(1.1875004768371582, 22.202308404820023)
(1.1950113773345947, 22.405231552012587)
(1.2031257152557373, 22.680671920102714)
(1.203124761581421, 21.887330819286156)
(1.156249761581421, 20.748253176225905)
(1.2031245231628418, 22.483728222827573)
(1.203125238418579, 22.469834232233683)
(1.1875, 22.489779994986225)
(1.2031238079071045, 22.182630774237527)
(1.2031266689300537, 22.29129884463822)
(1.1886634826660156, 22.08602587801017)
(1.21875, 22.45768291603235)
(1.2027108669281006, 22.641363145047936)
(1.2031221389770508, 22.466799399552215)
(1.1874995231628418, 22.271960769907828)
(1.1874966621398926, 22.17023423541992)
(1.1875035762786865, 22.04847796607848)
(1.2031245231628418, 22.40919329793172)
(1.2031245231628418, 22.442917939477226)
(1.204308271408081, 22.331642254624285)
(1.203127145767212, 22.63758711418758)
(1.2031216621398926, 22.637631760018134)
(1.2031242847442627, 22.746266951428417)
(1.2031264305114746, 21.934067376061698)
(1.203125238418579, 22.397617028020633)
(1.203125, 22.372495946690286)
(1.2031238079071045, 22.507937564325726)

Promedio de tiempos:
1.197587661743164 segundos
1197.587661743164 milisegundos

Desviación estándar:
0.011473064097322 segundos
11.473064097321998 milisegundos

Promedio valor función objetivo:
22.28639192096416
Desviación estándar valor función objetivo:
0.4193212749121846