Tiempos de ejecución y valor de la función objetivo de metaheurística con 50 repeticiones de 30 iteraciones y 90 hormigas:

(Tiempo de ejecución, Valor función objetivo)
(3.984374761581421, 22.557176829190027)
(3.95428466796875, 22.76658984511515)
(3.863938093185425, 20.605961726915176)
(4.001149892807007, 22.173195371645903)
(4.000000476837158, 22.38386147435451)
(4.0065672397613525, 22.7020436394805)
(3.994523286819458, 22.79980503847154)
(4.015625953674316, 22.69739685153958)
(3.984372854232788, 22.709493001285495)
(3.999999523162842, 22.379914406156715)
(3.9855105876922607, 22.163603932364026)
(4.000683546066284, 22.01612532498779)
(3.9843764305114746, 21.789324448320773)
(4.001162528991699, 22.88195532058085)
(3.980271816253662, 22.31287628128714)
(4.000002145767212, 22.38467336072973)
(4.015621185302734, 22.280493155380384)
(3.984376907348633, 22.571247038260246)
(3.9698901176452637, 22.4251174984717)
(3.968750476837158, 22.1351891892174)
(3.99853515625, 22.487285671500832)
(3.9843738079071045, 22.381923076506254)
(4.001163482666016, 22.357749348811062)
(4.033826589584351, 22.24826927981869)
(3.9843735694885254, 22.388299096053306)
(4.001182317733765, 22.30001698049055)
(3.984374761581421, 22.27153730184861)
(3.9999990463256836, 22.296288576784917)
(3.985551595687866, 22.438965591735013)
(4.002528429031372, 22.792718940908507)
(3.984372615814209, 22.615682107171896)
(3.999998092651367, 22.33355993303994)
(3.9928998947143555, 22.451245490557696)
(4.000000476837158, 22.63714806602521)
(4.000005006790161, 22.34336079588792)
(3.9855360984802246, 22.343930473706802)
(4.000000238418579, 22.570391263547364)
(3.9687633514404297, 22.07119658662007)
(4.001135587692261, 22.501901508621383)
(3.9687492847442627, 22.25811477160305)
(3.999999761581421, 22.662579813224955)
(3.9854345321655273, 22.563984478165825)
(3.999999523162842, 22.280265904303263)
(4.0011515617370605, 22.453376193586564)
(4.0000035762786865, 22.862384683712207)
(3.968752861022949, 22.25450559739641)
(3.984372615814209, 22.387863357994718)
(4.0035247802734375, 22.413366257190713)
(4.000000476837158, 22.589159172328237)
(4.0, 22.416044318529273)

Promedio de tiempos:
3.990321831703186 segundos
3990.321831703186 milisegundos

Desviación estándar:
0.022778679347783545 segundos
22.778679347783545 milisegundos

Promedio valor función objetivo:
22.394183167428515
Desviación estándar valor función objetivo:
0.33728562767583