Tiempos de ejecución y valor de la función objetivo de metaheurística con 50 repeticiones de 90 iteraciones y 20 hormigas:

(Tiempo de ejecución, Valor función objetivo)
(2.750000476837158, 22.54473086117689)
(2.70428466796875, 22.40844569240778)
(2.703124761581421, 22.36679700351526)
(2.765625, 22.441176198125262)
(2.734375476837158, 22.457764403797064)
(2.6249990463256836, 20.469674819030462)
(2.7259228229522705, 22.5344903360576)
(2.624995708465576, 20.75197886758904)
(2.7187514305114746, 22.44895776313819)
(2.7379310131073, 22.415662877003655)
(2.7031211853027344, 22.611579023415572)
(2.7031242847442627, 22.33876210085126)
(2.7499988079071045, 22.34609870924462)
(2.7187507152557373, 22.44511186290516)
(2.7199831008911133, 22.443980724489258)
(2.750000476837158, 22.428739507982595)
(2.7031240463256836, 22.278806281214543)
(2.7031219005584717, 22.430013097118756)
(2.751166820526123, 22.22926688438175)
(2.7187509536743164, 22.28700519264163)
(2.6718735694885254, 22.254142257305123)
(2.7390384674072266, 22.579736215525045)
(2.703125, 22.21389400753573)
(2.718747615814209, 22.082713420872707)
(2.747544765472412, 22.343878743090993)
(2.718749761581421, 22.681779946892526)
(2.718750476837158, 22.43813365564484)
(2.735555648803711, 22.494840041815795)
(2.703124761581421, 22.750933700693476)
(2.687497854232788, 22.354324053379766)
(2.7355337142944336, 22.190606596435618)
(2.593750238418579, 20.888290432588278)
(2.687499523162842, 22.409599221145886)
(2.734374761581421, 22.51919281566517)
(2.6875007152557373, 22.43948466710798)
(2.703125, 22.806241114361637)
(2.7199087142944336, 22.17792345029744)
(2.734942674636841, 22.549099045543617)
(2.703125476837158, 22.293056767059444)
(2.74190092086792, 22.65701640978055)
(2.703124761581421, 22.34020419714966)
(2.7031242847442627, 22.37116471744706)
(2.734372138977051, 22.884940731403663)
(2.6886587142944336, 22.022507437867823)
(2.7187538146972656, 22.44598473369953)
(2.6562488079071045, 21.033034167694403)
(2.7187469005584717, 22.58383268018446)
(2.718751907348633, 22.380941145738273)
(2.7499983310699463, 22.516068072661312)
(2.626150608062744, 20.568287825137364)

Promedio de tiempos:
2.7102950525283815 segundos
2710.2950525283813 milisegundos

Desviación estándar:
0.03519955475825343 segundos
35.199554758253434 milisegundos

Promedio valor función objetivo:
22.259017889556226
Desviación estándar valor función objetivo:
0.5353819235572292