Tiempos de ejecución y valor de la función objetivo de metaheurística con 50 repeticiones de 10 iteraciones y 90 hormigas:

(Tiempo de ejecución, Valor función objetivo)
(1.3125004768371582, 22.643277712761176)
(1.2968735694885254, 22.133490296042645)
(1.3033387660980225, 22.262104086767028)
(1.320739984512329, 22.323394782512594)
(1.3124988079071045, 22.282896285353466)
(1.3125, 22.422515033925578)
(1.3125011920928955, 21.835077130437327)
(1.3125007152557373, 22.308623230672133)
(1.3124995231628418, 22.83456866922196)
(1.3124992847442627, 22.61201508160162)
(1.3125014305114746, 22.31225172627904)
(1.3136918544769287, 22.27201043425789)
(1.2656254768371582, 20.253731298169306)
(1.3120522499084473, 22.650123485731893)
(1.3138036727905273, 22.565170077010162)
(1.3125007152557373, 22.4215952373747)
(1.3124988079071045, 22.19683377646428)
(1.25, 20.73165695149974)
(1.2968759536743164, 22.677278718885233)
(1.2812495231628418, 21.013512666861693)
(1.3124988079071045, 22.349714218171023)
(1.2968764305114746, 22.102089214151352)
(1.2968745231628418, 22.902373348220095)
(1.3125004768371582, 22.592203544574627)
(1.296875238418579, 22.593881562790358)
(1.3124980926513672, 22.523057053549238)
(1.313737392425537, 22.260988809448392)
(1.3124983310699463, 22.42394812846111)
(1.3110530376434326, 22.219818614819957)
(1.3125004768371582, 22.44984607287793)
(1.3125030994415283, 22.16180620121917)
(1.296877145767212, 22.57193411514972)
(1.3124949932098389, 22.617818507707184)
(1.312499761581421, 22.282500944609342)
(1.3125061988830566, 22.716704171175735)
(1.2968757152557373, 22.228021889926534)
(1.2968723773956299, 22.507481498999603)
(1.2980082035064697, 22.594080204051785)
(1.3124985694885254, 22.207188079920478)
(1.324047327041626, 22.395623230922872)
(1.3125, 22.40725853719416)
(1.312499761581421, 22.48473688218229)
(1.296875, 22.59457471839961)
(1.3124988079071045, 22.407982155024378)
(1.3125, 22.21683701838258)
(1.2968699932098389, 22.139117643632453)
(1.2968716621398926, 22.732432972214294)
(1.2656233310699463, 20.52483358137853)
(1.2968733310699463, 22.50452331583934)
(1.2968685626983643, 22.22078685719649)

Promedio de tiempos:
1.3046465730667114 segundos
1304.6465730667114 milisegundos

Desviación estándar:
0.014049986524566375 segundos
14.049986524566375 milisegundos

Promedio valor función objetivo:
22.273725795480406
Desviación estándar valor función objetivo:
0.5319148489485699