Tiempos de ejecución y valor de la función objetivo de metaheurística con 50 repeticiones de 70 iteraciones y 40 hormigas:

(Tiempo de ejecución, Valor función objetivo)
(4.1875011920928955, 22.441868868684814)
(4.219903469085693, 22.274418315332813)
(4.187499523162842, 22.506431888999586)
(4.203811407089233, 22.200055962067307)
(4.203125, 22.855612459799964)
(4.1880409717559814, 22.27047693731659)
(4.140622615814209, 21.992221170805855)
(4.188644886016846, 22.40609096579258)
(4.1874988079071045, 22.883530612062962)
(4.173058032989502, 22.20085050431154)
(4.156249284744263, 22.33832216883115)
(4.171875238418579, 22.74911616762523)
(4.173562049865723, 22.573898291731027)
(4.187500476837158, 22.571593950023367)
(4.168436288833618, 22.2869368483348)
(4.156250238418579, 22.448958891128065)
(4.171875953674316, 22.37970643768242)
(4.031252145767212, 20.51262717718354)
(4.204308032989502, 22.481822815293878)
(4.1875, 22.675610396214115)
(4.18836784362793, 22.07413233709285)
(4.187501430511475, 22.45611572138287)
(4.18863320350647, 22.07012896640973)
(4.156249761581421, 22.629375472192194)
(4.178387641906738, 22.17071607233631)
(4.187502861022949, 22.530728220723596)
(4.187497615814209, 22.421883565527178)
(4.203125476837158, 22.19691499122541)
(4.1886632442474365, 22.48269947323811)
(4.171874761581421, 22.591940884910702)
(4.187497854232788, 22.355466781148397)
(4.1765453815460205, 22.078553964116796)
(4.156250238418579, 22.23603205274712)
(4.168558120727539, 22.486597053064465)
(4.171874761581421, 22.438591941838542)
(4.015625953674316, 20.574862315561102)
(4.188668727874756, 22.327386912999735)
(4.156248569488525, 22.384314746437905)
(4.18882942199707, 22.42833446050804)
(4.156250715255737, 22.326868711487656)
(4.161011219024658, 22.300360060325456)
(4.046873331069946, 20.780847445357335)
(4.169419288635254, 22.507142444771983)
(4.178390741348267, 22.63093666906023)
(4.1664347648620605, 22.68485364743936)
(4.171873569488525, 22.439856076708878)
(4.251162767410278, 22.035374927957974)
(4.203125953674316, 22.583370406053387)
(4.187499523162842, 23.029296414840456)
(4.1875011920928955, 22.113972700588715)

Promedio de tiempos:
4.172319231033325 segundos
4172.319231033325 milisegundos

Desviación estándar:
0.040189625752817704 segundos
40.189625752817705 milisegundos

Promedio valor función objetivo:
22.30835612534548
Desviación estándar valor función objetivo:
0.47941997328795155