Tiempos de ejecución y valor de la función objetivo de metaheurística con 50 repeticiones de 30 iteraciones y 60 hormigas:

(Tiempo de ejecución, Valor función objetivo)
(2.6718740463256836, 22.01119132986626)
(2.671872138977051, 22.175751793442352)
(2.6730332374572754, 22.723637510346684)
(2.6874990463256836, 22.48414173732085)
(2.6562492847442627, 22.151456238877586)
(2.672441244125366, 22.577840471398005)
(2.6718711853027344, 22.366752577094505)
(2.593750476837158, 20.837391120685396)
(2.656250238418579, 22.500568679339995)
(2.6718740463256836, 22.723497367086818)
(2.685260057449341, 22.77336100594152)
(2.6447980403900146, 22.231088032037896)
(2.6874983310699463, 22.474497878499974)
(2.6093766689300537, 21.96118206283893)
(2.656249761581421, 22.896589260551327)
(2.673034429550171, 22.70819380455797)
(2.6718742847442627, 22.47394815223469)
(2.6562464237213135, 22.354771448200292)
(2.6618006229400635, 22.500630906321117)
(2.6830577850341797, 22.535835766229326)
(2.6718733310699463, 22.45655748770426)
(2.671875476837158, 22.289821220999226)
(2.671873092651367, 22.408311894687383)
(2.6796510219573975, 22.860385993859136)
(2.6718738079071045, 22.294374344888688)
(2.671876907348633, 22.307591846925902)
(2.671872615814209, 22.45752559891605)
(2.671877384185791, 22.589737638445733)
(2.5949385166168213, 20.885949600917872)
(2.6562492847442627, 22.687201923704478)
(2.593747854232788, 21.726793222532226)
(2.640624761581421, 21.944704753430443)
(2.656954765319824, 22.33500820494483)
(2.65625, 22.32149180133525)
(2.6718735694885254, 22.4557900783992)
(2.656252145767212, 22.62959584227643)
(2.671874761581421, 22.489454540090016)
(2.6784043312072754, 22.517583208624327)
(2.665764808654785, 22.424589816432245)
(2.671874761581421, 21.965589625793)
(2.671869993209839, 22.377264367553188)
(2.593754291534424, 21.09172206958239)
(2.640622615814209, 22.368792426211392)
(2.6573989391326904, 22.597511482129622)
(2.656249761581421, 22.118468229274)
(2.6722140312194824, 22.464917087903956)
(2.6718757152557373, 22.720533665338852)
(2.6562459468841553, 22.39041523316189)
(2.6718742847442627, 22.69844477000116)
(2.6718711853027344, 22.673495564529595)

Promedio de tiempos:
2.6603494262695313 segundos
2660.3494262695312 milisegundos

Desviación estándar:
0.02359958875018362 segundos
23.59958875018362 milisegundos

Promedio valor función objetivo:
22.340239013669283
Desviación estándar valor función objetivo:
0.42966913729470807