Tiempos de ejecución y valor de la función objetivo de metaheurística con 50 repeticiones de 20 iteraciones y 20 hormigas:

(Tiempo de ejecución, Valor función objetivo)
(0.609375, 22.159715662505484)
(0.5937497615814209, 22.640940927195665)
(0.5937471389770508, 22.401098640479795)
(0.6093728542327881, 22.313607637213078)
(0.5937490463256836, 22.42373242672965)
(0.5948605537414551, 22.437764970159122)
(0.5937485694885254, 22.08138940762348)
(0.5937509536743164, 22.90135537565587)
(0.6012868881225586, 22.356078344579867)
(0.5937488079071045, 22.764380809496522)
(0.5937478542327881, 22.152147651513147)
(0.6093752384185791, 22.217632339172397)
(0.5937497615814209, 22.637961254602168)
(0.609375, 22.51578886740102)
(0.6029102802276611, 22.742623103468866)
(0.5937483310699463, 22.2126867141478)
(0.5937459468841553, 22.117649984076916)
(0.5937514305114746, 22.889686422008957)
(0.5937497615814209, 22.365429016120007)
(0.5937511920928955, 22.781409789864515)
(0.5937495231628418, 22.50543530827907)
(0.5781211853027344, 22.45852053259453)
(0.593747615814209, 22.447350455879153)
(0.6093740463256836, 22.16718733754411)
(0.59375, 22.48242447133681)
(0.5937445163726807, 22.475327988940748)
(0.609375, 21.8920639648697)
(0.5937504768371582, 22.368180807127157)
(0.5937514305114746, 21.98158744816884)
(0.5937550067901611, 22.42342575900556)
(0.6093721389770508, 22.19726523182528)
(0.5937521457672119, 22.53976824835366)
(0.593745231628418, 22.475964223961167)
(0.5781252384185791, 22.110245472900694)
(0.59375, 22.67708489920396)
(0.5937497615814209, 22.683461252532428)
(0.6093752384185791, 21.900289133729043)
(0.5937490463256836, 22.29482137489801)
(0.6093754768371582, 22.35454226744235)
(0.5949296951293945, 22.33035450820355)
(0.5937464237213135, 21.96851722328232)
(0.5846936702728271, 22.302905781932616)
(0.5937497615814209, 22.303110697755443)
(0.5975022315979004, 22.231017655378697)
(0.6093235015869141, 22.626085766854473)
(0.6093454360961914, 22.24331218455357)
(0.5937538146972656, 22.704458141442775)
(0.5937490463256836, 22.1765656824492)
(0.6093761920928955, 22.645949556703354)
(0.5937478542327881, 22.383435556969886)

Promedio de tiempos:
0.5971465015411377 segundos
597.1465015411377 milisegundos

Desviación estándar:
0.007846091338297063 segundos
7.846091338297064 milisegundos

Promedio valor función objetivo:
22.389274765562654
Desviación estándar valor función objetivo:
0.24479810693706133