Tiempos de ejecución en segundos de metaheurística con 50 repeticiones de 40 iteraciones y 20 hormigas:
1.8970677852630615
1.963613748550415
1.6393721103668213
1.8392059803009033
1.9717726707458496
1.867321491241455
2.4975597858428955
1.6515617370605469
1.5469739437103271
1.6791152954101562
1.3453052043914795
2.005216598510742
1.5849499702453613
1.8542561531066895
1.8460066318511963
2.2726504802703857
1.9657890796661377
2.120500087738037
1.75350022315979
1.8406493663787842
2.109839677810669
2.6826024055480957
2.1311838626861572
2.495852470397949
2.538054943084717
2.3325676918029785
2.880540370941162
2.3164446353912354
1.9536371231079102
1.7593631744384766
2.4342544078826904
1.9528224468231201
1.771454095840454
2.061723232269287
1.7703094482421875
1.763185977935791
1.4131863117218018
2.0659446716308594
1.761763095855713
1.6531569957733154
1.9854273796081543
1.8236451148986816
2.3047139644622803
1.9318199157714844
1.8314368724822998
1.9280731678009033
1.635254144668579
1.8499679565429688
1.655968189239502
1.3933050632476807

Promedio de tiempos:
1.9465977430343628 segundos
1946.5977430343628 milisegundos

Desviación estándar:
0.32574323267954575 segundos
325.74323267954577 milisegundos
