Tiempos de ejecución en segundos de metaheurística con 50 repeticiones de 10 iteraciones y 60 hormigas:
0.643298864364624
0.6474947929382324
0.6490440368652344
0.6652774810791016
0.6450045108795166
0.6429662704467773
0.642859697341919
0.7053124904632568
0.6552431583404541
0.6816306114196777
0.6272039413452148
0.6531891822814941
0.6163642406463623
0.6016755104064941
0.6563799381256104
0.6173796653747559
0.54787278175354
0.5510151386260986
0.6440246105194092
0.54349684715271
0.5844111442565918
0.6180374622344971
0.6969602108001709
0.722585916519165
0.6789329051971436
0.986173152923584
0.8655796051025391
0.6257383823394775
0.6105039119720459
0.6464402675628662
0.6063952445983887
0.5991079807281494
0.573840856552124
0.5745298862457275
0.6101274490356445
0.5718119144439697
0.640125036239624
0.6359577178955078
0.6261930465698242
0.6277265548706055
0.9994213581085205
0.9713618755340576
0.6758589744567871
0.6352400779724121
0.6637344360351562
0.8282942771911621
0.9820706844329834
0.6940212249755859
0.6053540706634521
0.6114165782928467

Promedio de tiempos:
0.6680937194824219 segundos
668.0937194824219 milisegundos

Desviación estándar:
0.10946154316598149 segundos
109.46154316598148 milisegundos
