Tiempos de ejecución en segundos de metaheurística con 50 repeticiones de 30 iteraciones y 60 hormigas:
1.1231968402862549
1.2640275955200195
1.5642223358154297
1.0834357738494873
1.2488512992858887
1.1634068489074707
1.2237403392791748
1.1435608863830566
1.0181841850280762
1.101912498474121
1.1761631965637207
1.2201571464538574
1.0669023990631104
0.9578173160552979
1.275444507598877
1.450211763381958
1.344726800918579
1.4383554458618164
1.8907785415649414
1.200779914855957
1.286412239074707
1.5694401264190674
1.3932209014892578
1.7744431495666504
1.0669755935668945
1.8447222709655762
1.5971546173095703
2.3232369422912598
1.2787878513336182
1.2949318885803223
1.0158419609069824
1.2057719230651855
1.0734362602233887
1.0863611698150635
1.1758763790130615
1.2849695682525635
1.6799757480621338
1.50181245803833
1.2510504722595215
1.7265865802764893
1.3557546138763428
1.1402289867401123
1.4093654155731201
1.4062869548797607
1.3070013523101807
1.2965545654296875
1.393155813217163
1.1001157760620117
1.3306858539581299
1.1443226337432861

Promedio de tiempos:
1.3254071140289307 segundos
1325.4071140289307 milisegundos

Desviación estándar:
0.259783608275622 segundos
259.78360827562204 milisegundos
