Tiempos de ejecución en segundos de metaheurística con 50 repeticiones de 40 iteraciones y 10 hormigas:
2.027621030807495
1.8429548740386963
1.4460818767547607
1.4173457622528076
2.16158390045166
2.0078680515289307
2.2630434036254883
1.6662862300872803
1.6528346538543701
1.8177218437194824
2.0723423957824707
1.5831584930419922
1.8079314231872559
2.00117564201355
1.7928411960601807
1.5952727794647217
2.0478262901306152
1.4578118324279785
1.9182164669036865
1.6408073902130127
1.5608878135681152
1.3523662090301514
1.7999224662780762
1.4628386497497559
1.8137671947479248
1.4642467498779297
1.757310390472412
1.7644896507263184
1.5666797161102295
1.4141311645507812
1.4144394397735596
1.5952763557434082
1.848034381866455
1.780076265335083
1.5162155628204346
1.8480298519134521
1.7675814628601074
1.5290262699127197
1.260791301727295
1.2778534889221191
1.3576316833496094
1.3092930316925049
1.371232509613037
1.5387558937072754
1.4852581024169922
1.591247320175171
1.5936825275421143
1.8281443119049072
1.965057134628296
1.8539412021636963

Promedio de tiempos:
1.6781786727905272 segundos
1678.1786727905273 milisegundos

Desviación estándar:
0.2425824232207499 segundos
242.58242322074992 milisegundos
