Tiempos de ejecución en segundos de metaheurística con 50 repeticiones de 60 iteraciones y 40 hormigas:
1.2280247211456299
1.2750427722930908
1.3706696033477783
1.1549012660980225
1.308912754058838
1.1371793746948242
1.145209550857544
1.1551015377044678
1.3944382667541504
1.282872200012207
1.2574150562286377
1.2278468608856201
1.5793135166168213
1.4350483417510986
1.3925564289093018
1.1008374691009521
1.5010242462158203
1.2910382747650146
1.3915057182312012
1.5553646087646484
1.594984769821167
1.4226324558258057
1.4428467750549316
1.257633924484253
1.3482389450073242
1.4119741916656494
1.2388355731964111
1.4648704528808594
1.688523769378662
1.4407901763916016
1.4830920696258545
1.5540812015533447
1.3530359268188477
1.5617239475250244
1.5147111415863037
1.446986198425293
1.594796895980835
1.2923860549926758
1.373633861541748
1.5050718784332275
1.2209956645965576
1.50333571434021
1.2190217971801758
1.4530303478240967
1.172506332397461
1.5601236820220947
1.3360528945922852
1.0928101539611816
1.3360881805419922
1.5656371116638184

Promedio de tiempos:
1.3726950931549071 segundos
1372.6950931549072 milisegundos

Desviación estándar:
0.1485859809530124 segundos
148.5859809530124 milisegundos
