Tiempos de ejecución en segundos de metaheurística con 50 repeticiones de 30 iteraciones y 20 hormigas:
0.7723982334136963
0.955742597579956
0.8756239414215088
0.8996591567993164
0.8180010318756104
0.8107261657714844
0.8736929893493652
0.9361181259155273
0.9703304767608643
0.8869166374206543
0.7302370071411133
1.029484510421753
0.7114865779876709
0.764113187789917
1.0751285552978516
1.08467435836792
0.7991118431091309
0.8798294067382812
0.8816559314727783
0.8253340721130371
0.8831477165222168
1.1725521087646484
0.8252017498016357
1.0708305835723877
0.829357385635376
0.7684595584869385
1.041929006576538
1.0104527473449707
0.7643353939056396
1.9471774101257324
0.9790248870849609
0.8603532314300537
0.8756916522979736
0.8707425594329834
0.7930197715759277
0.9009139537811279
0.8952622413635254
0.7218108177185059
1.003849744796753
1.0561668872833252
1.2450344562530518
0.8752288818359375
0.984485387802124
0.8456153869628906
0.9716346263885498
0.8899574279785156
0.8828277587890625
1.163318157196045
0.7781040668487549
1.1310207843780518

Promedio de tiempos:
0.9323554229736328 segundos
932.3554229736328 milisegundos

Desviación estándar:
0.19025157806094642 segundos
190.25157806094643 milisegundos
