Tiempos de ejecución en segundos de metaheurística con 50 repeticiones de 10 iteraciones y 10 hormigas:
0.3869192600250244
0.39208507537841797
0.41966962814331055
0.3256664276123047
0.33394694328308105
0.2605257034301758
0.32505106925964355
0.276731014251709
0.2884688377380371
0.46711206436157227
0.38504862785339355
0.2858130931854248
0.3488931655883789
0.25591039657592773
0.28435850143432617
0.2925529479980469
0.34803104400634766
0.41077685356140137
0.36064887046813965
0.37708377838134766
0.36801671981811523
0.4188530445098877
0.32196688652038574
0.3461902141571045
0.35141611099243164
0.289412260055542
0.31760430335998535
0.3086516857147217
0.292635440826416
0.36019086837768555
0.28886985778808594
0.37314677238464355
0.33232951164245605
0.30076146125793457
0.29271554946899414
0.28351807594299316
0.2935612201690674
0.36943912506103516
0.3498046398162842
0.3473362922668457
0.33251070976257324
0.6193666458129883
0.783397912979126
0.5855655670166016
0.5592951774597168
0.4533238410949707
0.39818286895751953
0.40507006645202637
0.4672811031341553
0.6355893611907959

Promedio de tiempos:
0.37342593193054197 segundos
373.425931930542 milisegundos

Desviación estándar:
0.10436150598611942 segundos
104.36150598611941 milisegundos
