Tiempos de ejecución en segundos de metaheurística con 50 repeticiones de 50 iteraciones y 70 hormigas:
2.1086390018463135
1.8225643634796143
1.9070887565612793
1.6311118602752686
1.8111026287078857
2.451972723007202
2.5847909450531006
2.3920235633850098
2.2932255268096924
1.765434980392456
2.1232964992523193
2.0722150802612305
2.0060629844665527
1.797339916229248
1.694610595703125
1.7416636943817139
1.954024314880371
1.9574155807495117
2.0802478790283203
2.311979055404663
1.8884913921356201
1.9533498287200928
1.755617618560791
1.8445782661437988
1.9745826721191406
2.2260217666625977
1.7796039581298828
1.9868578910827637
1.90096116065979
1.957982063293457
1.998631477355957
2.103149652481079
1.8681275844573975
2.4139180183410645
1.9227139949798584
2.2095630168914795
1.7068281173706055
2.4879283905029297
2.3158464431762695
2.2399556636810303
1.9783098697662354
2.535353422164917
2.5329623222351074
2.730788230895996
3.2163596153259277
2.7792043685913086
3.4928009510040283
2.3887157440185547
2.4624907970428467
2.3706374168395996

Promedio de tiempos:
2.1505828332901 segundos
2150.5828332901 milisegundos

Desviación estándar:
0.3774633569032635 segundos
377.4633569032635 milisegundos
