Tiempos de ejecución en segundos de metaheurística con 50 repeticiones de 50 iteraciones y 90 hormigas:
1.4464566707611084
1.3389105796813965
1.2454662322998047
1.3339245319366455
1.3343992233276367
1.278306484222412
1.5270354747772217
1.2948651313781738
1.3153939247131348
1.395782470703125
1.3327598571777344
1.3312125205993652
1.2942094802856445
1.2488274574279785
1.487593173980713
1.3845791816711426
1.2917509078979492
1.2416415214538574
1.4139540195465088
1.2970476150512695
1.2605657577514648
1.4004638195037842
1.2157325744628906
1.3672337532043457
1.4892024993896484
1.3584108352661133
1.3462295532226562
1.3914365768432617
1.411877155303955
1.3602769374847412
1.4908480644226074
1.5376238822937012
1.625795841217041
1.367112159729004
1.313852071762085
1.4014613628387451
1.4523777961730957
1.4470772743225098
1.514056921005249
1.5276143550872803
1.7208268642425537
1.3787353038787842
1.3934111595153809
1.3309032917022705
1.373765230178833
1.2779598236083984
1.2963218688964844
1.3342692852020264
1.1496798992156982
1.27186918258667

Promedio de tiempos:
1.3728221511840821 segundos
1372.822151184082 milisegundos

Desviación estándar:
0.10556410187998316 segundos
105.56410187998317 milisegundos
