Tiempos de ejecución en segundos de metaheurística con 50 repeticiones de 20 iteraciones y 50 hormigas:
1.8168787956237793
0.8838162422180176
0.9225738048553467
0.8492357730865479
1.4204740524291992
0.8935859203338623
0.8098313808441162
0.9330694675445557
1.0602936744689941
1.0289781093597412
0.7669923305511475
0.9917724132537842
0.9071969985961914
1.054739236831665
0.8680739402770996
0.7062737941741943
0.9941341876983643
0.8470757007598877
0.86781907081604
0.9329230785369873
0.8895671367645264
1.0106573104858398
0.7457191944122314
0.982125997543335
1.3696448802947998
0.9250466823577881
1.2318103313446045
0.9367752075195312
0.8968603610992432
0.7788364887237549
0.9941353797912598
0.9046633243560791
0.8571562767028809
0.8763468265533447
0.7968392372131348
0.7984638214111328
0.9782695770263672
0.7843363285064697
1.2084336280822754
0.8901121616363525
0.8655819892883301
0.8955349922180176
0.8536326885223389
0.7751686573028564
1.0456931591033936
0.9043920040130615
0.901376485824585
1.143235445022583
0.8539841175079346
0.919879674911499

Promedio de tiempos:
0.9514003467559814 segundos
951.4003467559814 milisegundos

Desviación estándar:
0.18846238507248955 segundos
188.46238507248955 milisegundos
