Tiempos de ejecución en segundos de metaheurística con 50 repeticiones de 50 iteraciones y 80 hormigas:
2.50496244430542
2.9697794914245605
3.0908496379852295
2.9610540866851807
3.164585828781128
2.3520030975341797
2.2106897830963135
2.481930732727051
2.5818827152252197
2.741006374359131
2.4706852436065674
2.5302176475524902
3.41995906829834
2.8353357315063477
3.5608789920806885
2.7491462230682373
1.653012752532959
2.7547616958618164
1.7433643341064453
2.7440528869628906
2.146188497543335
1.6388204097747803
1.9098429679870605
1.8149018287658691
2.1929101943969727
2.4571895599365234
2.1729321479797363
2.199000120162964
2.5429954528808594
2.5316224098205566
2.371656894683838
2.642127275466919
2.4410347938537598
1.9162657260894775
2.16020131111145
2.0083847045898438
2.0576772689819336
1.9579949378967285
1.9792678356170654
2.342543125152588
2.573590040206909
2.9835729598999023
2.5900754928588867
1.936847448348999
2.575742244720459
2.0671327114105225
2.8735344409942627
2.0446581840515137
1.9210498332977295
1.8470892906188965

Promedio de tiempos:
2.4083401775360107 segundos
2408.3401775360107 milisegundos

Desviación estándar:
0.445141372685381 segundos
445.141372685381 milisegundos
