Tiempos de ejecución en segundos de metaheurística con 50 repeticiones de 30 iteraciones y 10 hormigas:
0.88222336769104
0.9189126491546631
1.268906593322754
0.9870901107788086
1.1844923496246338
1.1337242126464844
1.4014968872070312
1.205155849456787
1.8760581016540527
1.4406886100769043
1.0177361965179443
1.1130294799804688
1.0715875625610352
1.3516595363616943
1.1697747707366943
1.277296543121338
1.2455096244812012
1.1863982677459717
1.2989747524261475
1.1639697551727295
1.206902027130127
1.1627590656280518
1.1578547954559326
1.0809202194213867
1.4333338737487793
1.1974148750305176
0.9981575012207031
1.216402292251587
1.0132088661193848
1.7432193756103516
1.180790662765503
1.0220859050750732
1.1675810813903809
1.1023845672607422
1.0197319984436035
1.0837492942810059
1.2730538845062256
1.1234824657440186
0.7170791625976562
0.9468474388122559
0.8301596641540527
0.8907787799835205
1.050107479095459
1.0130953788757324
0.813309907913208
1.0924229621887207
0.8325738906860352
0.7933998107910156
1.0678350925445557
0.7850406169891357

Promedio de tiempos:
1.1242073631286622 segundos
1124.207363128662 milisegundos

Desviación estándar:
0.21837693547761175 segundos
218.37693547761174 milisegundos
