Tiempos de ejecución en segundos de metaheurística con 50 repeticiones de 10 iteraciones y 20 hormigas:
0.4284937381744385
0.40450501441955566
0.4936947822570801
0.41626906394958496
0.7737398147583008
0.8561785221099854
0.4577786922454834
0.40561437606811523
0.4903743267059326
0.3627498149871826
0.3782057762145996
0.3261394500732422
0.310992956161499
0.33730220794677734
0.38434839248657227
0.4277040958404541
0.4632120132446289
0.770463228225708
0.5944199562072754
0.45630860328674316
0.3814370632171631
0.3825712203979492
0.575702428817749
0.5883643627166748
0.4309403896331787
0.35552525520324707
0.34638452529907227
0.3932476043701172
0.3569040298461914
0.34006452560424805
0.3921785354614258
0.3652775287628174
0.37636470794677734
0.3368263244628906
0.3321061134338379
0.35799670219421387
0.438906192779541
0.45452308654785156
0.4620504379272461
0.4797525405883789
0.39124274253845215
0.38187456130981445
0.3589754104614258
0.380692720413208
0.35692667961120605
0.38208627700805664
0.3448803424835205
0.3835592269897461
0.5371415615081787
0.48084282875061035

Promedio de tiempos:
0.43367681503295896 segundos
433.676815032959 milisegundos

Desviación estándar:
0.11431198415793314 segundos
114.31198415793314 milisegundos
