Tiempos de ejecución en segundos de metaheurística con 50 repeticiones de 10 iteraciones y 70 hormigas:
0.8269364833831787
0.6749687194824219
0.664602518081665
0.7704770565032959
0.6259703636169434
0.9390873908996582
0.7907440662384033
1.4735968112945557
0.714280366897583
0.8443725109100342
0.902888298034668
0.5482873916625977
0.686751127243042
0.9751384258270264
0.7826104164123535
0.6596713066101074
0.6324691772460938
0.6263618469238281
0.5892641544342041
0.569272518157959
0.955895185470581
0.6838662624359131
0.5660896301269531
0.6447489261627197
0.6929113864898682
0.6483616828918457
0.8309741020202637
0.7178277969360352
0.6146142482757568
0.6225845813751221
0.6024444103240967
0.5958437919616699
0.5559852123260498
0.604722261428833
0.5302994251251221
0.5164432525634766
0.5115790367126465
0.882866382598877
0.7555975914001465
0.6157824993133545
0.547001838684082
0.5520117282867432
0.5649235248565674
0.5601449012756348
0.6551289558410645
0.6019244194030762
0.6223506927490234
0.6010580062866211
0.5593612194061279
0.652763843536377

Promedio de tiempos:
0.6872771549224853 segundos
687.2771549224854 milisegundos

Desviación estándar:
0.16356424084636675 segundos
163.56424084636674 milisegundos
