Tiempos de ejecución en segundos de metaheurística con 50 repeticiones de 30 iteraciones y 80 hormigas:
1.6423256397247314
2.001049041748047
1.4846560955047607
1.7528960704803467
1.6591615676879883
1.5151000022888184
1.9495785236358643
1.6369314193725586
1.4902584552764893
1.8208591938018799
1.7490293979644775
1.9495422840118408
1.883772850036621
1.617811679840088
1.9618923664093018
1.8534085750579834
1.9893369674682617
1.702878713607788
2.206200361251831
2.0752153396606445
1.5254099369049072
1.2696096897125244
1.6180016994476318
1.634239673614502
1.8959553241729736
1.9902122020721436
1.684863567352295
1.8269658088684082
1.677372932434082
2.0741705894470215
1.9108116626739502
1.7663207054138184
1.4089131355285645
1.2168993949890137
1.5670499801635742
1.7395548820495605
1.9145433902740479
1.5235435962677002
1.6800379753112793
1.2959094047546387
1.8797895908355713
1.7031633853912354
1.8384881019592285
1.4124548435211182
1.5471446514129639
1.351757287979126
1.568375825881958
1.7706279754638672
1.89225435256958
1.6412122249603271

Promedio de tiempos:
1.7153511667251586 segundos
1715.3511667251587 milisegundos

Desviación estándar:
0.22113381334079238 segundos
221.1338133407924 milisegundos
