Tiempos de ejecución en segundos de metaheurística con 50 repeticiones de 50 iteraciones y 40 hormigas:
1.5550353527069092
1.4474682807922363
1.635995626449585
1.7230913639068604
2.3667683601379395
1.68947434425354
1.7569029331207275
1.6361446380615234
2.0561039447784424
2.8622190952301025
2.1799356937408447
2.8694686889648438
2.2400929927825928
2.2046189308166504
1.6756961345672607
1.763601541519165
1.6140992641448975
1.5445168018341064
1.5302402973175049
1.7379367351531982
1.7710833549499512
1.7665026187896729
1.559978723526001
1.6045525074005127
1.9638068675994873
1.6470873355865479
1.261162281036377
1.4271678924560547
1.838332176208496
1.6035511493682861
1.7248778343200684
1.5401935577392578
1.6604578495025635
1.301100492477417
2.2411444187164307
2.2230589389801025
2.2148478031158447
1.9990332126617432
2.570349931716919
1.7311108112335205
1.7123537063598633
1.3905396461486816
1.9552571773529053
1.6388473510742188
1.1831181049346924
1.610499382019043
1.6390953063964844
1.7127368450164795
1.520463228225708
1.1672863960266113

Promedio de tiempos:
1.7853801584243774 segundos
1785.3801584243774 milisegundos

Desviación estándar:
0.3714144919980125 segundos
371.4144919980125 milisegundos
