Tiempos de ejecución en segundos de metaheurística con 50 repeticiones de 10 iteraciones y 50 hormigas:
0.9145200252532959
0.7230792045593262
0.7633750438690186
0.8995633125305176
1.0816829204559326
0.5466344356536865
0.5627827644348145
0.5120754241943359
0.6000473499298096
0.7034077644348145
0.651104211807251
0.6116905212402344
0.6087312698364258
0.6005949974060059
0.6150574684143066
0.5779051780700684
0.6095383167266846
0.7974293231964111
0.6652712821960449
0.5582101345062256
0.5406918525695801
0.5378766059875488
0.5430381298065186
0.53702712059021
0.6147246360778809
0.639472246170044
0.5611217021942139
0.6535658836364746
0.6313126087188721
0.6539056301116943
0.5447814464569092
0.6121525764465332
0.5650429725646973
0.6314048767089844
0.5697765350341797
0.6123495101928711
0.5638132095336914
0.6333942413330078
0.6001050472259521
0.5829384326934814
0.6032352447509766
0.7401247024536133
0.5839078426361084
0.5801212787628174
0.5812113285064697
0.6293785572052002
0.5674831867218018
0.5448586940765381
0.5221858024597168
0.5997917652130127

Promedio de tiempos:
0.6276698923110962 segundos
627.6698923110962 milisegundos

Desviación estándar:
0.10592406520336091 segundos
105.92406520336091 milisegundos
