Tiempos de ejecución en segundos de metaheurística con 50 repeticiones de 20 iteraciones y 20 hormigas:
0.6034259796142578
0.8911325931549072
0.771655797958374
0.617272138595581
0.5314548015594482
0.5398514270782471
0.5942881107330322
0.6402602195739746
0.6283454895019531
1.007925271987915
0.6086282730102539
0.8443338871002197
0.6149251461029053
0.5596342086791992
0.6380341053009033
0.5469024181365967
0.6388325691223145
0.5525631904602051
0.5887007713317871
0.7289412021636963
0.5745172500610352
0.8253803253173828
0.7462735176086426
0.826725959777832
0.6088309288024902
0.655221700668335
0.9703099727630615
0.5641584396362305
0.8260138034820557
0.5768814086914062
0.6770873069763184
0.7798781394958496
0.9019565582275391
0.44051408767700195
0.5274319648742676
0.9825737476348877
0.6916625499725342
0.8696167469024658
0.7587757110595703
0.5940043926239014
0.6622107028961182
0.6827037334442139
0.8811283111572266
0.5960197448730469
0.6221358776092529
0.8478806018829346
0.828667402267456
0.7958269119262695
0.844306230545044
0.6640641689300537

Promedio de tiempos:
0.6993973159790039 segundos
699.3973159790039 milisegundos

Desviación estándar:
0.13568560002824795 segundos
135.68560002824796 milisegundos
