Tiempos de ejecución en segundos de metaheurística con 50 repeticiones de 20 iteraciones y 30 hormigas:
1.0818657875061035
0.7317478656768799
0.6538901329040527
0.7420611381530762
0.6713149547576904
0.8130264282226562
0.7821381092071533
0.7682733535766602
1.292611837387085
1.210618257522583
1.1217761039733887
0.9013702869415283
0.8202688694000244
1.1879889965057373
1.2065889835357666
0.7703356742858887
0.8992893695831299
1.2693381309509277
1.771904468536377
1.621185302734375
1.3424081802368164
1.1028027534484863
0.9735302925109863
2.120041847229004
1.5189628601074219
1.217700481414795
0.9821546077728271
1.3018248081207275
1.2687034606933594
1.0757324695587158
1.6283600330352783
0.9864919185638428
0.9934837818145752
1.0294384956359863
0.9134457111358643
0.9781122207641602
1.2472915649414062
1.104980707168579
0.9755196571350098
1.178231954574585
1.2337636947631836
1.1454503536224365
1.0466740131378174
1.1981818675994873
0.9648892879486084
1.130582571029663
1.6620597839355469
1.7546136379241943
1.201847791671753
1.5069735050201416

Promedio de tiempos:
1.1420369672775268 segundos
1142.0369672775269 milisegundos

Desviación estándar:
0.3066267812179734 segundos
306.62678121797336 milisegundos
