Tiempos de ejecución en segundos de metaheurística con 50 repeticiones de 50 iteraciones y 60 hormigas:
1.4020118713378906
1.692453384399414
1.5235915184020996
1.7841057777404785
1.4999520778656006
1.6632449626922607
1.7010164260864258
1.7818126678466797
1.5969338417053223
1.5886054039001465
1.7533936500549316
1.8870809078216553
1.4045352935791016
1.6523432731628418
1.666478157043457
1.5974023342132568
1.4132187366485596
1.53745436668396
1.5695455074310303
1.69063401222229
1.8692798614501953
1.6092095375061035
1.727112054824829
1.9189529418945312
1.4542577266693115
1.5063979625701904
1.6591529846191406
1.6303625106811523
1.566554069519043
1.3094439506530762
1.778714895248413
1.6495780944824219
1.6488416194915771
1.59621000289917
1.7805907726287842
1.7987678050994873
2.191204071044922
2.1678872108459473
1.8618793487548828
1.8061306476593018
2.0294954776763916
2.359973192214966
2.3443989753723145
2.0753281116485596
1.5990064144134521
2.0530619621276855
2.080848217010498
1.7885801792144775
1.822697639465332
1.9773097038269043

Promedio de tiempos:
1.7413408422470094 segundos
1741.3408422470093 milisegundos

Desviación estándar:
0.23468427688258775 segundos
234.68427688258774 milisegundos
