Tiempos de ejecución en segundos de metaheurística con 50 repeticiones de 30 iteraciones y 90 hormigas:
1.046996831893921
0.9757580757141113
1.0138208866119385
1.0134804248809814
0.9306046962738037
0.9223570823669434
1.0023138523101807
1.0554211139678955
0.9897863864898682
1.0009281635284424
0.9648716449737549
0.9836826324462891
0.9811880588531494
0.8679032325744629
0.9910454750061035
1.0005426406860352
1.0003619194030762
0.9966530799865723
1.0654067993164062
1.0520009994506836
0.9606497287750244
0.9453761577606201
1.0424528121948242
1.0679166316986084
0.926081657409668
1.0192255973815918
1.1156222820281982
1.0715734958648682
1.0837335586547852
0.9691922664642334
1.0606269836425781
1.0682387351989746
1.0321805477142334
1.0184946060180664
1.059781551361084
1.219817876815796
1.1877810955047607
1.1562464237213135
1.1660408973693848
1.1370787620544434
1.0378024578094482
1.0412368774414062
1.1359639167785645
1.1070587635040283
0.8942227363586426
0.9955143928527832
1.0587778091430664
1.0763475894927979
1.0742738246917725
0.9981591701507568

Promedio de tiempos:
1.0316518640518189 segundos
1031.6518640518188 milisegundos

Desviación estándar:
0.07258672864905727 segundos
72.58672864905726 milisegundos
