Tiempos de ejecución en segundos de metaheurística con 50 repeticiones de 40 iteraciones y 30 hormigas:
1.841620683670044
2.0974371433258057
2.4926064014434814
1.9674832820892334
2.039133310317993
1.50645112991333
1.4810786247253418
2.3847103118896484
1.6837964057922363
2.108201265335083
1.9087433815002441
2.534400224685669
1.9226939678192139
1.943976879119873
2.9101881980895996
3.1910557746887207
2.3833467960357666
1.838956594467163
1.5701351165771484
2.162731409072876
2.2598228454589844
1.6838276386260986
1.5636019706726074
2.172586441040039
2.129495620727539
2.3819830417633057
1.7274210453033447
1.3308510780334473
2.3518896102905273
1.95503830909729
2.009913682937622
1.9226329326629639
2.0744385719299316
2.0121302604675293
2.3598151206970215
1.6908395290374756
2.1691243648529053
1.8474440574645996
1.4424216747283936
1.985151767730713
1.6246178150177002
2.301525831222534
1.9477150440216064
1.9236717224121094
1.6427762508392334
1.8581905364990234
2.0973947048187256
1.8017957210540771
1.8896021842956543
1.8880550861358643

Promedio de tiempos:
2.000290427207947 segundos
2000.290427207947 milisegundos

Desviación estándar:
0.35344937356777867 segundos
353.44937356777865 milisegundos
