Tiempos de ejecución en segundos de metaheurística con 50 repeticiones de 50 iteraciones y 10 hormigas:
2.1225743293762207
2.5122222900390625
2.070052146911621
2.4663870334625244
2.7513136863708496
2.0723185539245605
2.062098979949951
1.935486078262329
2.959791660308838
2.471717596054077
1.9097981452941895
2.130831003189087
1.978626012802124
1.6016321182250977
1.206491470336914
1.60508131980896
1.355952501296997
1.6505794525146484
1.6100471019744873
1.3544950485229492
2.0447678565979004
1.825272560119629
1.9617466926574707
2.1560962200164795
1.6758146286010742
2.081704616546631
2.194185256958008
2.0058400630950928
2.260964870452881
2.4859437942504883
1.8579256534576416
2.02558970451355
2.6294806003570557
1.9876444339752197
2.504328966140747
1.631197214126587
1.5785682201385498
1.8091473579406738
1.8624932765960693
1.6811790466308594
2.3597702980041504
1.8344438076019287
1.963911771774292
2.421860933303833
3.5353710651397705
2.942662477493286
2.8460521697998047
2.3607165813446045
2.135232448577881
2.19938325881958

Promedio de tiempos:
2.0937358474731447 segundos
2093.7358474731445 milisegundos

Desviación estándar:
0.4471677960809353 segundos
447.1677960809353 milisegundos
