Tiempos de ejecución en segundos de metaheurística con 50 repeticiones de 30 iteraciones y 70 hormigas:
1.3624942302703857
1.2459161281585693
1.4253637790679932
1.0652117729187012
1.2700905799865723
1.2777981758117676
1.347506046295166
1.2939348220825195
1.2953660488128662
1.209364652633667
1.1209754943847656
1.4402642250061035
1.295121669769287
1.2437236309051514
1.4677667617797852
1.7746121883392334
2.1207597255706787
1.4298973083496094
1.52789306640625
1.6864380836486816
1.5286102294921875
1.7847697734832764
2.015660047531128
2.1025278568267822
1.6248893737792969
1.2961111068725586
1.5269498825073242
1.572847604751587
1.7495436668395996
2.4211642742156982
1.6630144119262695
1.7623181343078613
1.8776633739471436
1.4603357315063477
1.3066425323486328
1.7967944145202637
1.8523976802825928
1.5622804164886475
1.3741800785064697
1.4624719619750977
1.8292334079742432
2.121973991394043
1.6571767330169678
1.761115550994873
1.5096735954284668
1.5762078762054443
1.5079681873321533
1.5642898082733154
1.5868101119995117
1.5385034084320068

Promedio de tiempos:
1.5658924722671508 segundos
1565.8924722671509 milisegundos

Desviación estándar:
0.27981751198142 segundos
279.81751198142 milisegundos
