Tiempos de ejecución en segundos de metaheurística con 50 repeticiones de 40 iteraciones y 50 hormigas:
1.7112464904785156
1.9075603485107422
1.7124156951904297
1.9442358016967773
2.0877015590667725
2.275083541870117
2.0168843269348145
1.865917682647705
1.587653636932373
1.8116586208343506
1.7821192741394043
1.6553726196289062
1.6078376770019531
3.3740203380584717
2.139662742614746
1.9768898487091064
2.6637063026428223
3.1260743141174316
1.9030005931854248
1.6895909309387207
3.053767442703247
1.8351616859436035
1.834052562713623
1.2680914402008057
1.4959962368011475
1.8819160461425781
2.1263771057128906
1.908904790878296
1.8487522602081299
1.978003740310669
1.6395542621612549
1.9177324771881104
1.749565839767456
2.166945219039917
2.3438565731048584
2.1693742275238037
1.9384691715240479
1.9314520359039307
1.7972779273986816
1.678720474243164
2.0126242637634277
2.016221046447754
1.8726553916931152
1.8494341373443604
1.9808166027069092
1.591005563735962
2.3633041381835938
2.6191298961639404
2.0850989818573
2.018498182296753

Promedio de tiempos:
1.9962278413772583 segundos
1996.2278413772583 milisegundos

Desviación estándar:
0.39496180667161207 segundos
394.96180667161207 milisegundos
