Tiempos de ejecución en segundos de metaheurística con 50 repeticiones de 50 iteraciones y 50 hormigas:
1.6170985698699951
1.3910179138183594
1.497957468032837
1.831350564956665
1.7158701419830322
1.618025541305542
1.4293615818023682
1.3694941997528076
1.7042262554168701
1.4235546588897705
1.6321799755096436
1.5478246212005615
1.630681037902832
1.2955379486083984
1.5705041885375977
1.7474515438079834
1.908844232559204
1.6997969150543213
1.4939756393432617
1.8130624294281006
1.7648358345031738
1.8009531497955322
1.9904778003692627
1.9029219150543213
1.6523938179016113
1.5723533630371094
1.5385119915008545
1.9057319164276123
1.6328997611999512
1.7304446697235107
1.4391767978668213
1.3663930892944336
3.09150767326355
1.6083719730377197
1.639000415802002
1.4213097095489502
1.7845869064331055
1.6938049793243408
1.3489058017730713
1.7138700485229492
1.3827314376831055
1.6604630947113037
1.451307773590088
1.375340223312378
1.7088615894317627
1.6951491832733154
1.7270972728729248
1.6599056720733643
1.4273154735565186
1.6876440048217773

Promedio de tiempos:
1.6462416553497314 segundos
1646.2416553497314 milisegundos

Desviación estándar:
0.2649774189573711 segundos
264.97741895737107 milisegundos
