Tiempos de ejecución en segundos de metaheurística con 50 repeticiones de 30 iteraciones y 50 hormigas:
1.2406761646270752
1.031132698059082
1.126044511795044
0.9280743598937988
1.3169116973876953
1.1122586727142334
1.0962061882019043
0.8911087512969971
1.0168428421020508
0.9190504550933838
1.1614689826965332
0.9993665218353271
0.9562499523162842
1.0273995399475098
1.0123112201690674
1.0063834190368652
1.0237631797790527
1.0469231605529785
1.2404723167419434
1.3596253395080566
0.8598804473876953
0.9565691947937012
1.0198829174041748
1.0516507625579834
1.1586267948150635
1.1989197731018066
1.2377502918243408
1.306779146194458
1.1546165943145752
1.1673328876495361
1.1109848022460938
1.007089376449585
0.9792613983154297
0.9908859729766846
1.2797086238861084
0.8530337810516357
0.9533607959747314
0.8633387088775635
1.0109429359436035
0.962160587310791
1.0407578945159912
0.8911194801330566
0.8675041198730469
0.8794164657592773
1.0293858051300049
0.8054254055023193
0.9539945125579834
0.8015453815460205
0.9849963188171387
1.0632808208465576

Promedio de tiempos:
1.0390494394302368 segundos
1039.0494394302368 milisegundos

Desviación estándar:
0.13569041488431077 segundos
135.69041488431077 milisegundos
