Tiempos de ejecución en segundos de metaheurística con 50 repeticiones de 20 iteraciones y 10 hormigas:
0.568983793258667
0.6579866409301758
1.0177345275878906
0.6187901496887207
0.6500802040100098
0.6541013717651367
0.6063377857208252
0.4987976551055908
0.5973296165466309
0.5792272090911865
0.6286971569061279
0.5377531051635742
0.6326808929443359
1.036813735961914
0.5171551704406738
1.0679850578308105
0.7617309093475342
0.5853910446166992
0.5153498649597168
0.5601236820220947
0.6562392711639404
0.554368257522583
0.505317211151123
0.48606085777282715
0.566542387008667
0.6119728088378906
0.5474822521209717
0.490156888961792
0.5121335983276367
0.6112987995147705
0.52382493019104
1.0154297351837158
0.607424259185791
0.7871911525726318
0.7151873111724854
0.7362046241760254
0.5073850154876709
0.6189744472503662
0.6179251670837402
0.5436747074127197
0.9937944412231445
0.5114049911499023
0.6363937854766846
0.7701725959777832
0.5429062843322754
0.8135895729064941
0.5488202571868896
0.5138237476348877
0.8679344654083252
0.6068828105926514

Promedio de tiempos:
0.6462713241577148 segundos
646.2713241577148 milisegundos

Desviación estándar:
0.15353709380534009 segundos
153.53709380534008 milisegundos
