Tiempos de ejecución en segundos de metaheurística con 50 repeticiones de 60 iteraciones y 60 hormigas:
1.5200834274291992
1.459817886352539
1.2494301795959473
1.448589563369751
1.5843262672424316
1.813647985458374
1.4540033340454102
1.4584927558898926
1.718245506286621
1.466395378112793
1.4096362590789795
1.5287775993347168
1.5303230285644531
1.5042555332183838
1.3269426822662354
1.5726382732391357
1.5253009796142578
1.4274122714996338
1.4405500888824463
1.4443440437316895
1.4836547374725342
1.3061614036560059
1.3396708965301514
1.5690784454345703
1.361893892288208
1.389596939086914
1.5318260192871094
1.339207649230957
1.3895368576049805
1.5705125331878662
1.3169293403625488
1.310621738433838
1.4721240997314453
1.3756372928619385
1.3832049369812012
1.4731166362762451
1.6488473415374756
1.6044037342071533
1.5703599452972412
1.4281890392303467
1.5615646839141846
1.423764944076538
1.6592764854431152
1.5795164108276367
1.3763999938964844
1.340575933456421
1.506303310394287
1.553156852722168
1.6776964664459229
1.5707786083221436

Promedio de tiempos:
1.4799364042282104 segundos
1479.9364042282104 milisegundos

Desviación estándar:
0.11587141100283553 segundos
115.87141100283553 milisegundos
