Tiempos de ejecución en segundos de metaheurística con 50 repeticiones de 60 iteraciones y 50 hormigas:
1.4858906269073486
1.425765037536621
1.6705715656280518
1.5016705989837646
1.711132526397705
1.3420789241790771
1.9526581764221191
1.4216656684875488
1.3864121437072754
1.7250545024871826
1.225572109222412
1.462458610534668
1.4730582237243652
1.3272123336791992
1.2362403869628906
1.4195556640625
1.5818324089050293
1.5479071140289307
1.4415795803070068
1.5610151290893555
1.3362791538238525
1.6225550174713135
1.417011022567749
1.5389277935028076
1.522080898284912
1.482229471206665
1.5794637203216553
1.4745593070983887
1.4711949825286865
1.430994987487793
1.59967041015625
1.4465875625610352
1.7801413536071777
1.8012189865112305
1.8030436038970947
1.8295488357543945
1.4909486770629883
1.5361385345458984
1.5525052547454834
1.6458055973052979
1.7959966659545898
1.551567792892456
1.8677186965942383
2.1525323390960693
1.7062649726867676
1.6284170150756836
2.0455777645111084
1.9861953258514404
1.5992083549499512
1.6232080459594727

Promedio de tiempos:
1.58433846950531 segundos
1584.33846950531 milisegundos

Desviación estándar:
0.19816881362619612 segundos
198.1688136261961 milisegundos
