Tiempos de ejecución en segundos de metaheurística con 50 repeticiones de 10 iteraciones y 40 hormigas:
0.4771111011505127
0.42563843727111816
0.5510985851287842
0.4007580280303955
0.4333827495574951
0.48740124702453613
0.4000670909881592
0.44604945182800293
0.4890148639678955
0.5373263359069824
0.5060253143310547
0.4030146598815918
0.3894634246826172
0.49299025535583496
0.4373629093170166
0.4554321765899658
0.4490194320678711
0.4149651527404785
0.4500136375427246
0.38506245613098145
0.39875173568725586
0.42063355445861816
0.4622230529785156
0.5000276565551758
0.4695315361022949
0.4010283946990967
0.39762043952941895
0.4142122268676758
0.45308685302734375
0.4007737636566162
0.4192328453063965
0.8054330348968506
0.707545280456543
1.0528819561004639
0.6562409400939941
0.4654569625854492
0.8784575462341309
1.011786699295044
0.7369070053100586
0.7687358856201172
0.6369891166687012
0.6045269966125488
0.6640489101409912
0.6917548179626465
0.9288835525512695
1.0668587684631348
1.278782606124878
0.621596097946167
0.48656368255615234
0.5319263935089111

Promedio de tiempos:
0.5672739124298096 segundos
567.2739124298096 milisegundos

Desviación estándar:
0.2074503298227979 segundos
207.4503298227979 milisegundos
