Tiempos de ejecución en segundos de metaheurística con 50 repeticiones de 30 iteraciones y 30 hormigas:
1.092268466949463
1.2686474323272705
0.9350707530975342
0.7576885223388672
1.071855068206787
0.9608826637268066
1.141597032546997
1.1637277603149414
1.1499481201171875
1.0191268920898438
0.8637030124664307
0.8154890537261963
0.9766867160797119
0.8767976760864258
1.0464470386505127
0.8640658855438232
1.1186180114746094
0.9785950183868408
0.9094376564025879
1.158172607421875
1.1439666748046875
0.9717068672180176
0.8217625617980957
0.8513619899749756
1.3394970893859863
0.9605062007904053
1.0279343128204346
0.7595369815826416
0.8519129753112793
1.0102779865264893
0.9276638031005859
0.835909366607666
0.8706984519958496
0.8149676322937012
0.8376100063323975
0.8992629051208496
0.8971743583679199
0.850039005279541
0.8660120964050293
0.7591259479522705
1.0110180377960205
0.8595073223114014
0.8538267612457275
0.9339942932128906
1.1672618389129639
1.1871185302734375
0.7546918392181396
1.0772409439086914
1.1492328643798828
0.9429852962493896

Promedio de tiempos:
0.9680526065826416 segundos
968.0526065826416 milisegundos

Desviación estándar:
0.1419478452264487 segundos
141.94784522644872 milisegundos
