Tiempos de ejecución en segundos de metaheurística con 50 repeticiones de 20 iteraciones y 40 hormigas:
0.9698874950408936
1.3243143558502197
0.9192311763763428
0.783463716506958
0.9277324676513672
0.7717139720916748
0.7309553623199463
1.1719286441802979
0.9231133460998535
1.2319908142089844
0.9754343032836914
0.934166669845581
0.7540602684020996
1.1118805408477783
1.093787431716919
1.3566350936889648
1.4760189056396484
0.9350128173828125
0.7672533988952637
1.508364200592041
1.1435260772705078
1.1757264137268066
1.4111969470977783
1.3950917720794678
1.4539954662322998
1.2378449440002441
1.1185128688812256
1.3085873126983643
0.8041455745697021
0.9688687324523926
1.7927565574645996
1.2051372528076172
1.0892400741577148
0.9113199710845947
0.8883919715881348
1.1183509826660156
1.21059250831604
0.9370558261871338
1.0707745552062988
1.7989938259124756
1.6426520347595215
1.4095287322998047
1.1599266529083252
0.9284005165100098
1.729372501373291
1.854459285736084
1.9026753902435303
2.2882001399993896
1.9092042446136475
1.5974841117858887

Promedio de tiempos:
1.2225791645050048 segundos
1222.5791645050049 milisegundos

Desviación estándar:
0.35728696889916134 segundos
357.28696889916137 milisegundos
