Tiempos de ejecución en segundos de metaheurística con 50 repeticiones de 60 iteraciones y 90 hormigas:
1.5802254676818848
1.6952745914459229
1.7216589450836182
2.0169525146484375
1.725799560546875
1.6449143886566162
1.9168040752410889
1.7493982315063477
1.6182777881622314
1.4427134990692139
1.5613439083099365
1.5802867412567139
1.915071725845337
1.596787691116333
1.5325779914855957
1.5550997257232666
1.3478078842163086
1.5048024654388428
1.749650001525879
1.407872200012207
1.6587634086608887
1.4319300651550293
1.4896044731140137
1.7700846195220947
2.0595638751983643
1.8548316955566406
2.0526387691497803
1.7683005332946777
1.5512001514434814
1.6439235210418701
1.6206114292144775
1.6188287734985352
1.4566285610198975
1.5274708271026611
1.7780778408050537
1.5758006572723389
1.6697282791137695
1.7986705303192139
1.6914772987365723
1.7904536724090576
1.478254795074463
1.566894769668579
1.694917917251587
1.6206936836242676
1.4793307781219482
1.7480032444000244
1.5707075595855713
1.5429952144622803
1.4590582847595215
1.6675238609313965

Promedio de tiempos:
1.6500057697296142 segundos
1650.0057697296143 milisegundos

Desviación estándar:
0.16143592604759283 segundos
161.43592604759283 milisegundos
