Tiempos de ejecución en segundos de metaheurística con 50 repeticiones de 10 iteraciones y 80 hormigas:
0.7358896732330322
0.6152968406677246
0.6169800758361816
0.5786600112915039
0.8538200855255127
0.5954592227935791
0.9014270305633545
0.606203556060791
0.7218713760375977
0.5774209499359131
0.6315524578094482
0.6046357154846191
0.6175105571746826
0.5374822616577148
0.5802218914031982
0.5542259216308594
0.6064291000366211
0.5401356220245361
0.6880733966827393
0.657149076461792
0.5951032638549805
0.5964138507843018
0.6371581554412842
0.5833394527435303
0.8071067333221436
0.6340713500976562
0.5649123191833496
0.6171212196350098
0.6065690517425537
0.5947778224945068
0.587083101272583
0.5609519481658936
0.587665319442749
0.6526756286621094
0.5775296688079834
0.6587934494018555
0.6496734619140625
0.5819954872131348
0.6870744228363037
0.587862491607666
0.5709710121154785
0.6910157203674316
0.6243729591369629
0.5921237468719482
0.6218068599700928
0.5759055614471436
0.5749862194061279
0.5959992408752441
0.5927584171295166
0.6361243724822998

Promedio de tiempos:
0.6252877426147461 segundos
625.2877426147461 milisegundos

Desviación estándar:
0.07208660015429826 segundos
72.08660015429825 milisegundos
