Tiempos de ejecución en segundos de metaheurística con 50 repeticiones de 10 iteraciones y 30 hormigas:
0.458803653717041
0.4503445625305176
0.4612617492675781
0.5026979446411133
0.39104199409484863
0.3896908760070801
0.3989276885986328
0.4708373546600342
0.6231143474578857
0.6566982269287109
0.42209625244140625
0.46028637886047363
1.007267951965332
0.5072576999664307
0.523578405380249
0.4272928237915039
0.4313352108001709
0.5869019031524658
0.5912067890167236
0.3752150535583496
0.4509305953979492
0.474623441696167
0.49636077880859375
0.4554286003112793
0.3877396583557129
0.43212151527404785
0.3889470100402832
0.46364545822143555
0.4260094165802002
0.3599255084991455
0.42401981353759766
0.44335174560546875
0.47301769256591797
0.5012369155883789
0.4183838367462158
0.4640929698944092
0.5158853530883789
0.4179718494415283
0.35692334175109863
0.4265916347503662
0.44916725158691406
0.4046964645385742
0.3922994136810303
0.35401415824890137
0.36647915840148926
0.4057285785675049
0.3661220073699951
0.3784952163696289
0.36751651763916016
0.37522315979003906

Promedio de tiempos:
0.4554561185836792 segundos
455.4561185836792 milisegundos

Desviación estándar:
0.10362566991794614 segundos
103.62566991794614 milisegundos
