Tiempos de ejecución en segundos de metaheurística con 50 repeticiones de 40 iteraciones y 40 hormigas:
2.137235403060913
2.411856174468994
1.935736894607544
2.138597011566162
2.199035882949829
2.4064900875091553
1.7592108249664307
1.9842746257781982
2.013461112976074
2.145602226257324
1.902470350265503
1.9332761764526367
2.065058469772339
1.9353322982788086
1.6841633319854736
2.0899274349212646
2.160836696624756
1.6365339756011963
2.034691333770752
2.1499595642089844
1.5408384799957275
1.9478070735931396
1.724379539489746
1.4397861957550049
1.843517541885376
1.8768727779388428
1.8267860412597656
1.7049105167388916
2.4372189044952393
1.9558241367340088
1.9286887645721436
2.0363807678222656
1.398435115814209
2.5018625259399414
1.8699235916137695
2.539766550064087
1.5465316772460938
2.0466573238372803
2.3297033309936523
2.385688304901123
1.827678918838501
1.6521565914154053
2.086838722229004
1.8687801361083984
1.3478102684020996
1.9545197486877441
1.6489436626434326
1.6721158027648926
1.8727495670318604
1.6645805835723877

Promedio de tiempos:
1.9440300607681273 segundos
1944.0300607681274 milisegundos

Desviación estándar:
0.2814504727184474 segundos
281.45047271844743 milisegundos
