Tiempos de ejecución en segundos de metaheurística con 50 repeticiones de 20 iteraciones y 60 hormigas:
0.9777591228485107
1.263298511505127
0.8588171005249023
0.90740966796875
1.0422370433807373
1.175248384475708
1.020200490951538
1.1036159992218018
1.3241777420043945
0.8413558006286621
0.8256700038909912
1.4422972202301025
0.7906568050384521
1.1853053569793701
0.7740256786346436
0.8881776332855225
0.7675034999847412
0.8241333961486816
0.7761640548706055
0.7886641025543213
0.7412474155426025
0.686730146408081
0.8602433204650879
0.8179073333740234
0.7599828243255615
0.9009974002838135
0.7339510917663574
0.8345596790313721
0.734778881072998
0.8016693592071533
0.7810819149017334
0.7952613830566406
0.7481472492218018
0.8855860233306885
0.8412325382232666
0.8125519752502441
0.7368879318237305
0.8872051239013672
1.1125593185424805
0.8846395015716553
0.839320182800293
0.8091208934783936
0.8628871440887451
0.7637917995452881
0.6444156169891357
0.714667558670044
0.7794632911682129
0.8156716823577881
0.8506591320037842
0.6709680557250977

Promedio de tiempos:
0.8736980676651 segundos
873.6980676651001 milisegundos

Desviación estándar:
0.16778860400777587 segundos
167.78860400777586 milisegundos
