Tiempos de ejecución en segundos de metaheurística con 50 repeticiones de 30 iteraciones y 40 hormigas:
1.0567901134490967
1.1952826976776123
1.1421170234680176
1.1482298374176025
1.212555170059204
1.2402379512786865
1.0477471351623535
0.8935444355010986
0.887484073638916
1.186342716217041
1.429900884628296
1.4554834365844727
1.211876392364502
0.8973701000213623
1.1315770149230957
1.069535732269287
0.8488776683807373
0.7921645641326904
1.0986359119415283
1.1909728050231934
0.9854018688201904
1.131953477859497
1.1278882026672363
1.0361809730529785
0.8672664165496826
1.2205839157104492
1.3431346416473389
1.0624537467956543
1.0830233097076416
0.9743173122406006
1.3539564609527588
1.1481812000274658
1.072458028793335
1.0855162143707275
0.9245564937591553
1.0087180137634277
1.116459608078003
1.1697156429290771
1.1637744903564453
1.0773708820343018
1.177403211593628
1.0221543312072754
0.9369497299194336
0.92828369140625
1.0091679096221924
0.9001679420471191
1.1431665420532227
1.278775930404663
1.3259680271148682
1.3660109043121338

Promedio de tiempos:
1.1035536956787109 segundos
1103.553695678711 milisegundos

Desviación estándar:
0.15194786721207798 segundos
151.947867212078 milisegundos
