Tiempos de ejecución en segundos de metaheurística con 50 repeticiones de 40 iteraciones y 90 hormigas:
1.321962594985962
1.3283147811889648
1.2758617401123047
1.2873506546020508
1.216134786605835
1.1187036037445068
1.0817370414733887
1.179797887802124
1.1860532760620117
1.2794651985168457
1.1501612663269043
1.2346181869506836
1.2971582412719727
1.2450594902038574
1.2967402935028076
1.1674928665161133
1.207674503326416
1.1472835540771484
1.1750147342681885
1.0697944164276123
1.1323728561401367
1.2482612133026123
1.115839958190918
1.0666577816009521
1.1184847354888916
1.292689561843872
1.1848576068878174
1.193307638168335
1.253969430923462
1.2735579013824463
1.190699815750122
1.1751348972320557
1.2019217014312744
1.1882410049438477
1.101001262664795
1.181166410446167
1.2456912994384766
1.2166759967803955
1.1468358039855957
1.1843323707580566
1.14658784866333
1.1698503494262695
1.2389564514160156
1.274707317352295
1.2912909984588623
1.15712571144104
1.0771629810333252
1.192335844039917
1.1921100616455078
1.1860435009002686

Promedio de tiempos:
1.1980849885940552 segundos
1198.0849885940552 milisegundos

Desviación estándar:
0.06734604445708817 segundos
67.34604445708817 milisegundos
