Tiempos de ejecución en segundos de metaheurística con 50 repeticiones de 40 iteraciones y 70 hormigas:
2.356562376022339
2.408938407897949
1.7364671230316162
1.698669195175171
1.9681689739227295
2.386707067489624
2.2095580101013184
2.2271127700805664
2.6922242641448975
2.3156661987304688
2.475860595703125
2.167966842651367
1.9900803565979004
2.199242353439331
2.0071146488189697
2.227978229522705
1.6582417488098145
1.8933188915252686
2.3806984424591064
1.5447852611541748
1.9809889793395996
1.835662841796875
1.8672974109649658
1.9894447326660156
2.295851945877075
2.167468547821045
1.8633153438568115
1.8321044445037842
2.10835862159729
2.0831902027130127
2.4097671508789062
2.362441062927246
2.08227276802063
2.3419060707092285
1.9286549091339111
2.493773937225342
2.229567289352417
2.126866102218628
1.9180731773376465
1.7144930362701416
2.337346315383911
2.0367045402526855
2.187559127807617
1.8523447513580322
2.1761839389801025
2.422729253768921
1.8784434795379639
2.040435791015625
1.8625538349151611
2.171712636947632

Promedio de tiempos:
2.102857480049133 segundos
2102.8574800491333 milisegundos

Desviación estándar:
0.24815457862752288 segundos
248.15457862752288 milisegundos
