Tiempos de ejecución en segundos de metaheurística con 50 repeticiones de 50 iteraciones y 20 hormigas:
2.3848555088043213
2.775134801864624
2.08431339263916
2.535090923309326
2.2516231536865234
1.513472080230713
1.8954384326934814
1.6802051067352295
1.9231362342834473
2.0964324474334717
2.0203535556793213
2.223503828048706
2.192864179611206
2.9563238620758057
3.13816499710083
2.7579102516174316
3.0826385021209717
2.4973349571228027
2.5601511001586914
2.2433242797851562
1.958489179611206
1.8277308940887451
2.164633274078369
1.5366013050079346
1.8754596710205078
2.0241353511810303
1.819772720336914
1.8554911613464355
1.7148540019989014
1.537276268005371
1.902245044708252
1.5464231967926025
1.524322271347046
1.5946881771087646
1.7514777183532715
1.7183501720428467
1.744520664215088
1.6819274425506592
2.0727157592773438
1.548663854598999
1.8434078693389893
1.7641475200653076
1.7640841007232666
1.8206744194030762
1.6036827564239502
1.3719980716705322
1.5771899223327637
1.6665987968444824
1.4013867378234863
1.7151522636413574

Promedio de tiempos:
1.9748074436187744 segundos
1974.8074436187744 milisegundos

Desviación estándar:
0.43157302961708827 segundos
431.57302961708825 milisegundos
