Tiempos de ejecución en segundos de metaheurística con 50 repeticiones de 40 iteraciones y 60 hormigas:
2.8461039066314697
2.478109121322632
2.2001280784606934
1.5635719299316406
2.127570629119873
2.1117701530456543
2.1864066123962402
2.967569351196289
1.96970796585083
1.9114441871643066
2.4903151988983154
2.6009607315063477
1.919572353363037
2.4757232666015625
2.918522834777832
2.4665322303771973
1.8140182495117188
2.5489747524261475
2.271059513092041
2.1271755695343018
2.291658639907837
2.8380606174468994
2.787659168243408
2.378843307495117
2.4903628826141357
1.9523446559906006
2.406588315963745
2.355257034301758
2.5392985343933105
1.6154985427856445
2.3950560092926025
2.02531361579895
2.4165194034576416
1.864713430404663
2.216256856918335
1.8422179222106934
2.5204648971557617
2.107113838195801
1.9625751972198486
1.8021767139434814
1.7638633251190186
2.2260024547576904
2.0672049522399902
2.2830898761749268
2.3950417041778564
2.1624979972839355
2.2186391353607178
1.9707310199737549
1.8091709613800049
1.867802619934082

Promedio de tiempos:
2.2313452053070066 segundos
2231.345205307007 milisegundos

Desviación estándar:
0.3338431170834325 segundos
333.8431170834325 milisegundos
