Tiempos de ejecución en segundos de metaheurística con 50 repeticiones de 20 iteraciones y 80 hormigas:
0.8638012409210205
1.052767276763916
0.9269826412200928
0.7729959487915039
0.8850054740905762
1.0160090923309326
0.9515955448150635
1.046922206878662
0.8757648468017578
0.8789145946502686
0.8731763362884521
1.034149408340454
0.8615572452545166
0.8587443828582764
0.8553805351257324
1.0722589492797852
1.0157935619354248
1.0440948009490967
0.8880152702331543
0.9326655864715576
0.9690306186676025
0.8910412788391113
0.9925267696380615
0.890444278717041
0.9021689891815186
0.8511826992034912
0.8994936943054199
0.9814052581787109
0.9241917133331299
0.7792325019836426
0.8969907760620117
0.8453116416931152
0.9245281219482422
0.9618206024169922
1.025608777999878
1.0875847339630127
1.150972843170166
1.2310359477996826
1.3564248085021973
1.4263942241668701
1.3235361576080322
1.2410411834716797
1.4687585830688477
1.2460551261901855
1.4049317836761475
0.9866006374359131
1.1165134906768799
1.123117208480835
1.2012085914611816
1.261892557144165

Promedio de tiempos:
1.02135281085968 segundos
1021.3528108596801 milisegundos

Desviación estándar:
0.17360211368603862 segundos
173.60211368603862 milisegundos
