Tiempos de ejecución en segundos de metaheurística con 50 repeticiones de 40 iteraciones y 80 hormigas:
2.106999158859253
2.170616865158081
2.140329122543335
2.1706113815307617
1.886538028717041
2.0019314289093018
1.9853196144104004
2.3738770484924316
2.301740884780884
2.8396542072296143
1.9660367965698242
2.2289068698883057
2.107959270477295
2.4045352935791016
2.1390912532806396
2.301107406616211
2.0663111209869385
1.948028802871704
2.2455010414123535
2.0987491607666016
2.217491388320923
2.237406015396118
2.2212955951690674
2.207223415374756
2.057311534881592
2.0691287517547607
2.2586207389831543
2.055318832397461
2.2320570945739746
2.450063943862915
2.4455654621124268
1.8760871887207031
2.357347249984741
2.1115317344665527
2.366985321044922
1.9284858703613281
2.4245681762695312
1.9073431491851807
1.9081637859344482
2.408146858215332
1.9744689464569092
1.823526382446289
2.2296178340911865
2.0985665321350098
1.9292426109313965
2.591965675354004
2.224735975265503
2.257089614868164
2.1658201217651367
2.2942423820495605

Promedio de tiempos:
2.1762652587890625 segundos
2176.2652587890625 milisegundos

Desviación estándar:
0.19843521215963708 segundos
198.43521215963708 milisegundos
