Tiempos de ejecución en segundos de metaheurística con 50 repeticiones de 10 iteraciones y 90 hormigas:
0.7295849323272705
0.8147666454315186
0.692650318145752
0.6371243000030518
0.6636416912078857
0.6532700061798096
0.6734645366668701
0.7570581436157227
0.736217737197876
0.6771447658538818
0.6087181568145752
0.7190196514129639
0.7428359985351562
0.8729767799377441
0.6707847118377686
0.6303610801696777
0.6425619125366211
0.723059892654419
0.7147111892700195
0.6602141857147217
0.749675989151001
0.7085347175598145
0.6686379909515381
0.762092113494873
0.6643953323364258
0.6486318111419678
0.6380207538604736
0.7461869716644287
0.6653456687927246
0.7271168231964111
0.701087236404419
0.7274875640869141
0.6336624622344971
0.7641854286193848
0.8301312923431396
0.8030335903167725
0.6651096343994141
0.6792471408843994
0.7010104656219482
0.7470757961273193
0.6708223819732666
0.7985939979553223
0.7396879196166992
0.659900426864624
0.6926853656768799
0.7521634101867676
0.6579105854034424
0.6929621696472168
0.7629976272583008
0.7200593948364258

Promedio de tiempos:
0.7079723739624023 segundos
707.9723739624023 milisegundos

Desviación estándar:
0.05631519237784444 segundos
56.31519237784444 milisegundos
