Tiempos de ejecución en segundos de metaheurística con 50 repeticiones de 60 iteraciones y 30 hormigas:
1.4111909866333008
1.585963487625122
1.6820192337036133
1.3775882720947266
1.416693925857544
1.7130513191223145
1.8974177837371826
1.38914155960083
1.3991212844848633
1.4222605228424072
1.7329678535461426
1.5286452770233154
1.7198727130889893
1.5910634994506836
1.8139348030090332
1.9411742687225342
1.382430076599121
1.3131253719329834
1.8197309970855713
1.4524693489074707
1.1841106414794922
1.6161177158355713
1.4164371490478516
1.2326102256774902
1.6913485527038574
1.4067747592926025
1.5034065246582031
1.164440393447876
1.1144065856933594
1.3309438228607178
1.5762271881103516
1.3026707172393799
1.249366283416748
1.450005292892456
1.2239084243774414
1.1382369995117188
1.3349766731262207
1.2049357891082764
1.4130866527557373
1.5830566883087158
1.22776460647583
1.0449464321136475
1.3408904075622559
1.495171070098877
1.1337316036224365
1.129659652709961
1.2179901599884033
1.343238353729248
1.1560697555541992
1.2231104373931885

Promedio de tiempos:
1.4207900428771973 segundos
1420.7900428771973 milisegundos

Desviación estándar:
0.218922206280853 segundos
218.92220628085298 milisegundos
