Tiempos de ejecución en segundos de metaheurística con 50 repeticiones de 60 iteraciones y 10 hormigas:
1.7589027881622314
1.2044293880462646
1.0900421142578125
1.3780686855316162
1.3751044273376465
1.4107768535614014
1.3454759120941162
1.2146775722503662
1.378471851348877
1.434105396270752
1.317387580871582
1.4159135818481445
1.4779314994812012
1.3714416027069092
1.4028046131134033
1.4107096195220947
1.3435146808624268
1.338935136795044
1.3279130458831787
1.521559715270996
1.2387151718139648
1.4273498058319092
1.9901580810546875
1.531646966934204
1.502211093902588
1.583604335784912
1.376488208770752
1.8800690174102783
1.2735350131988525
1.228727102279663
1.2348666191101074
1.423189640045166
1.4236412048339844
1.4069640636444092
1.4191031455993652
1.5489706993103027
1.7106783390045166
1.7838916778564453
1.4733481407165527
1.164487600326538
1.2540969848632812
1.3705570697784424
1.1709067821502686
1.2067713737487793
1.3435108661651611
1.156972885131836
1.5118794441223145
1.5495028495788574
1.0994863510131836
1.440657138824463

Promedio de tiempos:
1.404883074760437 segundos
1404.883074760437 milisegundos

Desviación estándar:
0.18508032569214194 segundos
185.08032569214194 milisegundos
