Tiempos de ejecución en segundos de metaheurística con 50 repeticiones de 20 iteraciones y 90 hormigas:
0.9120121002197266
0.8524518013000488
0.7325491905212402
0.8722410202026367
0.868380069732666
0.8637063503265381
0.7906816005706787
1.069678544998169
0.9475419521331787
0.81386399269104
0.9325418472290039
0.8861331939697266
0.9586153030395508
1.0157651901245117
0.8496913909912109
0.8202614784240723
1.062337875366211
0.8989386558532715
0.8357419967651367
0.8021438121795654
0.9661602973937988
1.0017614364624023
0.8088686466217041
0.9414205551147461
0.974557638168335
0.8553855419158936
0.8412573337554932
0.808767557144165
0.9122574329376221
0.8267319202423096
0.8810124397277832
0.9690423011779785
0.9312875270843506
1.0214340686798096
0.949185848236084
0.8479256629943848
1.003392219543457
0.9332261085510254
0.8864107131958008
0.8673431873321533
0.9010777473449707
0.7609200477600098
0.8439688682556152
0.8992385864257812
0.9335370063781738
0.901817798614502
0.8821446895599365
0.8207995891571045
0.9166674613952637
0.9144332408905029

Promedio de tiempos:
0.8957462167739868 segundos
895.7462167739868 milisegundos

Desviación estándar:
0.07340297261901142 segundos
73.40297261901142 milisegundos
