Tiempos de ejecución en segundos de metaheurística con 50 repeticiones de 60 iteraciones y 70 hormigas:
1.4415514469146729
1.4838316440582275
1.4624063968658447
1.5079481601715088
1.332503080368042
1.400808572769165
1.735131025314331
1.6915397644042969
1.4909160137176514
1.3587899208068848
1.3425800800323486
1.5524108409881592
1.7072257995605469
1.5610146522521973
1.5162379741668701
1.5828349590301514
1.3819985389709473
1.524991750717163
1.7717769145965576
1.5502614974975586
1.4598708152770996
1.789351463317871
1.4521958827972412
1.3465497493743896
1.4694411754608154
1.6532173156738281
1.7426204681396484
1.754448652267456
1.8014798164367676
1.7657387256622314
1.563910722732544
1.6608929634094238
1.5374691486358643
1.6706993579864502
1.7690637111663818
1.7162184715270996
1.4485175609588623
1.522552728652954
1.6006050109863281
1.6345946788787842
1.6319987773895264
1.5966529846191406
1.5491127967834473
1.7905702590942383
1.6170053482055664
1.6171510219573975
1.6736013889312744
1.5626933574676514
1.4514741897583008
1.549452304840088

Promedio de tiempos:
1.575918197631836 segundos
1575.918197631836 milisegundos

Desviación estándar:
0.1304424547649459 segundos
130.4424547649459 milisegundos
