Tiempos de ejecución en segundos de metaheurística con 50 repeticiones de 60 iteraciones y 80 hormigas:
1.830730676651001
1.4811737537384033
2.1066231727600098
1.6080248355865479
2.068549633026123
1.5361990928649902
1.6104202270507812
1.4123444557189941
1.8033411502838135
1.7844774723052979
1.5409557819366455
1.6932315826416016
1.8992133140563965
1.9457976818084717
1.718510627746582
1.5014002323150635
1.9357788562774658
2.227781295776367
2.1197922229766846
1.886476993560791
1.745110273361206
1.7579052448272705
1.3568143844604492
1.5974140167236328
1.4534401893615723
1.2756702899932861
1.4531164169311523
1.4275720119476318
1.6053979396820068
1.7356510162353516
1.651585340499878
1.5908219814300537
2.0523622035980225
1.9084835052490234
1.545121192932129
1.5353443622589111
1.5796456336975098
1.5763566493988037
1.4126267433166504
1.4869439601898193
1.454679012298584
1.3646152019500732
1.4250006675720215
1.459733486175537
1.5031068325042725
1.4787704944610596
1.4393138885498047
1.5731494426727295
1.5528268814086914
1.6842970848083496

Promedio de tiempos:
1.6478739881515503 segundos
1647.8739881515503 milisegundos

Desviación estándar:
0.22337779292165832 segundos
223.3777929216583 milisegundos
