Tiempos de ejecución en segundos de metaheurística con 50 repeticiones de 60 iteraciones y 20 hormigas:
1.4534990787506104
1.4380648136138916
1.3587086200714111
1.4000091552734375
1.4491026401519775
1.3882718086242676
1.324636697769165
1.2661118507385254
1.393705129623413
2.2461845874786377
1.8571641445159912
1.9484524726867676
1.6088738441467285
1.399644136428833
1.5985896587371826
1.4605474472045898
1.5091278553009033
1.3974556922912598
1.6620173454284668
1.5633563995361328
1.2413647174835205
1.491598129272461
2.031982183456421
1.6041762828826904
1.4962375164031982
1.3624937534332275
1.3591980934143066
1.3495700359344482
1.501126766204834
1.4506094455718994
1.3826472759246826
1.4549508094787598
1.377819538116455
1.480945110321045
1.5619850158691406
1.3316888809204102
1.5823311805725098
1.4482505321502686
1.4683411121368408
1.830817699432373
1.5559039115905762
1.739861249923706
1.4480791091918945
1.5890564918518066
1.56730318069458
1.5748822689056396
1.3001468181610107
1.454303503036499
1.3998522758483887
1.5261180400848389

Promedio de tiempos:
1.5137432861328124 segundos
1513.7432861328125 milisegundos

Desviación estándar:
0.19182484214048548 segundos
191.8248421404855 milisegundos
