Tiempos de ejecución y valor de la función objetivo de metaheurística con 50 repeticiones de 70 iteraciones y 80 hormigas:

(Tiempo de ejecución, Valor función objetivo)
(4.906246900558472, 22.24429227558649)
(4.8137431144714355, 22.24989258819459)
(4.859384298324585, 22.567198673219863)
(4.9070212841033936, 22.098576803148887)
(4.843748331069946, 22.615935298004676)
(4.828127384185791, 22.381985089341285)
(5.000003099441528, 20.73008625875003)
(4.84375, 22.58091926625557)
(4.876205682754517, 22.452543153490932)
(4.875005722045898, 22.53690772580574)
(4.906246900558472, 22.08955802355646)
(4.843744993209839, 22.360852809007152)
(4.907478094100952, 22.626660135079828)
(4.8125083446502686, 22.38559569741811)
(4.859372615814209, 22.79245016504474)
(4.891506910324097, 22.288469017060624)
(4.8593809604644775, 22.584011343263747)
(4.8593645095825195, 22.36841068742807)
(4.90749979019165, 22.361505025517637)
(4.8281145095825195, 22.785988026781283)
(4.8124918937683105, 22.648315035355676)
(4.921874523162842, 22.375752832145483)
(4.860616445541382, 22.462623556499054)
(4.8437488079071045, 22.674665685110952)
(4.921884775161743, 22.538416684569782)
(4.860631227493286, 22.096112743590595)
(4.843756675720215, 22.556686647430745)
(4.825739145278931, 22.534790457735077)
(4.890620470046997, 22.770896363252245)
(4.829522371292114, 22.329969250647792)
(4.9218831062316895, 22.245252498851976)
(4.843742609024048, 22.6892090059309)
(4.97008752822876, 20.695549729918405)
(4.890629053115845, 22.613012048016998)
(4.874995708465576, 22.66166868635402)
(4.845063209533691, 22.49677935501372)
(4.906244277954102, 22.556346137997263)
(4.876339435577393, 22.214217547371895)
(4.843740463256836, 22.50609677360343)
(4.876322269439697, 22.026829412010127)
(4.859374761581421, 22.949152238220112)
(4.860783338546753, 22.72932652373487)
(4.91679310798645, 22.63044101802112)
(4.921873092651367, 22.35509888946472)
(4.868761777877808, 22.14414463424977)
(4.882248640060425, 22.491541335736287)
(4.812507629394531, 22.400106974571003)
(4.845061302185059, 22.243604059912645)
(4.9062440395355225, 22.38655046223414)
(4.937493324279785, 21.011448777317725)

Promedio de tiempos:
4.873990569114685 segundos
4873.990569114685 milisegundos

Desviación estándar:
0.04044349964909073 segundos
40.44349964909073 milisegundos

Promedio valor función objetivo:
22.362728868536482
Desviación estándar valor función objetivo:
0.04044349964909073