Tiempos de ejecución y valor de la función objetivo de metaheurística con 50 repeticiones de 20 iteraciones y 40 hormigas:

(Tiempo de ejecución, Valor función objetivo)
(0.7500042915344238, 22.282256099827276)
(0.7343747615814209, 21.88259026439711)
(0.7343711853027344, 22.47890278601517)
(0.7343802452087402, 21.968822954615213)
(0.7499940395355225, 22.373755056368005)
(0.7187550067901611, 21.681533146531102)
(0.7499980926513672, 22.470248459530083)
(0.7500042915344238, 22.555737515757155)
(0.7356133460998535, 22.263095864501846)
(0.7343747615814209, 22.56539443910178)
(0.7500009536743164, 22.63679643364484)
(0.7500009536743164, 22.248313233983986)
(0.749997615814209, 22.341293684183135)
(0.7500123977661133, 22.24320801107923)
(0.7343599796295166, 22.036365624286645)
(0.7343826293945312, 22.592494444905892)
(0.7343723773956299, 22.239599020145313)
(0.7343811988830566, 22.36867968099205)
(0.7499938011169434, 22.574383058794762)
(0.7500185966491699, 22.11475604444246)
(0.7343599796295166, 22.458525972257515)
(0.7500019073486328, 20.895098270403377)
(0.7512781620025635, 22.55790402850555)
(0.734356164932251, 22.23429789623723)
(0.7500028610229492, 22.890112697980477)
(0.7499938011169434, 22.345588630213346)
(0.7500030994415283, 22.652592899949987)
(0.7343730926513672, 22.3859453804056)
(0.7343742847442627, 22.230080702719157)
(0.750002384185791, 22.615727360560417)
(0.7500035762786865, 22.678745898868552)
(0.7343740463256836, 22.26895425424605)
(0.7370007038116455, 22.671182149863025)
(0.7500040531158447, 22.200042117353405)
(0.7343811988830566, 22.497265115445646)
(0.7343952655792236, 22.926677511207576)
(0.7343721389770508, 22.173061136873773)
(0.7343771457672119, 22.022768062267154)
(0.7500026226043701, 20.679430214605834)
(0.7499921321868896, 22.49591219242969)
(0.7499938011169434, 22.366084743713028)
(0.7343788146972656, 22.497774745671023)
(0.7499983310699463, 21.96055477789093)
(0.7500042915344238, 22.531403481211015)
(0.7500004768371582, 22.253066255230888)
(0.7499985694885254, 22.218227264418207)
(0.7500016689300537, 22.167590868407256)
(0.734370231628418, 22.123299875276043)
(0.7499957084655762, 22.269515442205698)
(0.7343852519989014, 22.5509825525238)

Promedio de tiempos:
0.7426033258438111 segundos
742.603325843811 milisegundos

Desviación estándar:
0.008368130285674272 segundos
8.368130285674273 milisegundos

Promedio valor función objetivo:
22.29473276644088
Desviación estándar valor función objetivo:
0.008368130285674272