Tiempos de ejecución y valor de la función objetivo de metaheurística con 50 repeticiones de 10 iteraciones y 70 hormigas:

(Tiempo de ejecución, Valor función objetivo)
(0.6562542915344238, 22.62342928924788)
(0.6562485694885254, 22.66914381464411)
(0.6306173801422119, 22.28131670624408)
(0.6562509536743164, 22.676232404590134)
(0.6562516689300537, 22.51153334884911)
(0.6406288146972656, 22.36248762972089)
(0.776127815246582, 22.808956493588347)
(0.6562497615814209, 22.132651648809095)
(0.6406204700469971, 22.32079515157894)
(0.6562492847442627, 22.558223606015538)
(0.6562535762786865, 22.034774020550742)
(0.6562442779541016, 22.40544274200839)
(0.6562516689300537, 22.564036694382402)
(0.6562609672546387, 22.401198165342812)
(0.6406245231628418, 22.650310618053282)
(0.65625, 22.558558819417105)
(0.656245231628418, 22.36279092880288)
(0.6562561988830566, 22.52152415039666)
(0.6562480926513672, 22.2688438181015)
(0.6562530994415283, 21.95235417629734)
(0.6562423706054688, 22.656003516372277)
(0.6575653553009033, 22.50996008591613)
(0.6718738079071045, 22.486693508140547)
(0.656254768371582, 22.65243415257165)
(0.6562516689300537, 22.357468381625868)
(0.6562461853027344, 22.672763755126553)
(0.640631914138794, 22.211950227601186)
(0.6562492847442627, 22.486198609341116)
(0.6718771457672119, 22.02395323571131)
(0.6562542915344238, 22.531476419894048)
(0.6562514305114746, 22.343013957168367)
(0.656243085861206, 22.178339799797524)
(0.6562535762786865, 22.43446374899954)
(0.656247615814209, 22.07229933013264)
(0.6562581062316895, 22.268718428538598)
(0.6562561988830566, 22.003956904513604)
(0.6562511920928955, 22.63379688295788)
(0.6562507152557373, 22.280122012258285)
(0.6562488079071045, 22.31590181587015)
(0.6562578678131104, 22.29261043798313)
(0.6562480926513672, 22.71318488978973)
(0.6562459468841553, 22.550676199435248)
(0.6719129085540771, 22.47649967494305)
(0.6718318462371826, 22.586984511184628)
(0.6406314373016357, 22.38783857228165)
(0.6562511920928955, 22.519369265909166)
(0.6562469005584717, 22.169556306533888)
(0.6406259536743164, 22.116042426694555)
(0.6406245231628418, 22.488965971915228)
(0.6718785762786865, 20.70255974757279)

Promedio de tiempos:
0.6575369882583618 segundos
657.5369882583618 milisegundos

Desviación estándar:
0.01890815135057973 segundos
18.90815135057973 milisegundos

Promedio valor función objetivo:
22.37576814006843
Desviación estándar valor función objetivo:
0.01890815135057973