Tiempos de ejecución y valor de la función objetivo de metaheurística con 50 repeticiones de 10 iteraciones y 40 hormigas:

(Tiempo de ejecución, Valor función objetivo)
(0.4062490463256836, 22.810876129725212)
(0.4062471389770508, 22.091497948820066)
(0.40624403953552246, 22.12767402944306)
(0.39063167572021484, 22.58411196587404)
(0.39063048362731934, 22.334212174123376)
(0.4062469005584717, 22.10653707761238)
(0.3918747901916504, 22.23726272023481)
(0.4062530994415283, 22.441315607414378)
(0.40625452995300293, 20.855395752071857)
(0.3906290531158447, 22.25327808859882)
(0.3906278610229492, 22.391783674693883)
(0.3906219005584717, 22.280347624821037)
(0.39062929153442383, 22.237635122208857)
(0.3906235694885254, 22.33458450489126)
(0.3906233310699463, 22.639614746253557)
(0.39063048362731934, 22.685642686628928)
(0.39063000679016113, 22.26280873106182)
(0.39061760902404785, 22.49083683890643)
(0.39063262939453125, 22.436902934689517)
(0.40624523162841797, 20.644556819511298)
(0.4062466621398926, 22.60600345011459)
(0.3906271457672119, 22.937546050409466)
(0.4062521457672119, 22.499472340994267)
(0.38759541511535645, 22.805909369171758)
(0.3906290531158447, 22.26855149819304)
(0.4062490463256836, 22.542402209268356)
(0.40625691413879395, 22.45539829768811)
(0.39063286781311035, 22.485318297747792)
(0.4062345027923584, 22.321720465670793)
(0.39061903953552246, 22.296716433839673)
(0.39063096046447754, 22.42444165832994)
(0.39061975479125977, 22.574316504374057)
(0.3906285762786865, 21.07016254969818)
(0.3906264305114746, 22.426494399095155)
(0.3906221389770508, 22.565059968354827)
(0.3906261920928955, 22.500288724301818)
(0.39063119888305664, 22.37695735373306)
(0.3906228542327881, 21.974202390272495)
(0.3906247615814209, 22.27002891494836)
(0.3906254768371582, 22.771026865619415)
(0.390625, 22.345984190807727)
(0.3906285762786865, 22.662226576059542)
(0.37500500679016113, 21.994979086823108)
(0.3918192386627197, 22.116633735680903)
(0.4062507152557373, 22.803129563462388)
(0.4062528610229492, 22.46705886536137)
(0.40624499320983887, 22.797550843420975)
(0.3906238079071045, 22.526792869498856)
(0.39062929153442383, 22.304465216399656)
(0.4062466621398926, 22.244022342571476)

Promedio de tiempos:
0.39530139923095703 segundos
395.30139923095703 milisegundos

Desviación estándar:
0.007833478272201707 segundos
7.833478272201707 milisegundos

Promedio valor función objetivo:
22.33363472418991
Desviación estándar valor función objetivo:
0.007833478272201707