Tiempos de ejecución y valor de la función objetivo de metaheurística con 50 repeticiones de 30 iteraciones y 50 hormigas:

(Tiempo de ejecución, Valor función objetivo)
(1.3593699932098389, 22.08522273324104)
(1.343747615814209, 22.670328972940222)
(1.3293445110321045, 22.702210995396065)
(1.328134536743164, 22.58737120169655)
(1.312493085861206, 22.467322590776387)
(1.3281383514404297, 22.39900879546501)
(1.359360694885254, 22.58974500477956)
(1.3593699932098389, 21.02951097164604)
(1.3281328678131104, 22.432220083120242)
(1.3593740463256836, 22.549957938513405)
(1.359374761581421, 21.101383052238447)
(1.3281278610229492, 22.405678195275282)
(1.3437654972076416, 22.495206228628508)
(1.3281095027923584, 22.601848870643146)
(1.343749761581421, 22.816564437956963)
(1.34375, 22.400154164049525)
(1.343750238418579, 22.288286423258985)
(1.32940673828125, 22.35446905204134)
(1.3281266689300537, 22.428393154964112)
(1.3317365646362305, 22.4877381856589)
(1.3281257152557373, 22.618673463750927)
(1.3437530994415283, 22.493273562574693)
(1.3281185626983643, 22.42053805222048)
(1.328124761581421, 22.42430791988325)
(1.343754529953003, 22.337852160850037)
(1.3437538146972656, 22.48035691904344)
(1.343749761581421, 22.155729309367995)
(1.3437445163726807, 22.336024666478252)
(1.3281280994415283, 22.362062039832082)
(1.3281219005584717, 22.458722872587582)
(1.3437533378601074, 22.240302224270735)
(1.3437557220458984, 22.658962241658905)
(1.3437473773956299, 22.306574922381305)
(1.359370231628418, 22.51384982390961)
(1.328122615814209, 22.096810898034672)
(1.3281219005584717, 22.67919230357772)
(1.3593730926513672, 22.316663369154664)
(1.343747854232788, 22.251379291496928)
(1.343754529953003, 22.51014186457295)
(1.3450024127960205, 22.56208458322161)
(1.3281335830688477, 22.368773552228518)
(1.3281183242797852, 22.463812324827977)
(1.3749988079071045, 20.59184324429854)
(1.342344045639038, 22.33642128606747)
(1.3437583446502686, 22.49054223941626)
(1.3593616485595703, 22.561591534355944)
(1.3772554397583008, 20.700890726976436)
(1.3281035423278809, 21.94198670452496)
(1.3437557220458984, 22.264000305286878)
(1.3281419277191162, 22.613754759460676)

Promedio de tiempos:
1.3407891702651977 segundos
1340.7891702651978 milisegundos

Desviación estándar:
0.013638770407897917 segundos
13.638770407897917 milisegundos

Promedio valor función objetivo:
22.308994804372023
Desviación estándar valor función objetivo:
0.013638770407897917