Tiempos de ejecución y valor de la función objetivo de metaheurística con 50 repeticiones de 20 iteraciones y 30 hormigas:

(Tiempo de ejecución, Valor función objetivo)
(0.5625057220458984, 22.627560863375145)
(0.5781168937683105, 22.58403236284205)
(0.5625033378601074, 22.309316971810784)
(0.5625052452087402, 22.486986780465067)
(0.5781257152557373, 20.67783855650374)
(0.5781242847442627, 22.35123695744351)
(0.5781242847442627, 22.67116464841118)
(0.5781261920928955, 22.901818140223615)
(0.5781304836273193, 22.267721247301495)
(0.5624990463256836, 22.44716821423887)
(0.5625042915344238, 22.27110445321842)
(0.5624964237213135, 22.239165757273106)
(0.5624902248382568, 22.712251567269114)
(0.5781304836273193, 22.64300154609179)
(0.5625007152557373, 22.171909546858323)
(0.5781300067901611, 20.673622731268928)
(0.5624895095825195, 22.137605670955303)
(0.5781278610229492, 20.680839066629822)
(0.5625050067901611, 22.380827455465774)
(0.5625016689300537, 22.19949405763165)
(0.5625054836273193, 22.663566855817056)
(0.5781176090240479, 22.777984289924103)
(0.5625028610229492, 22.701683876031485)
(0.5781271457672119, 22.50657439077835)
(0.5624985694885254, 22.71384944379162)
(0.562502384185791, 22.371561991126214)
(0.5637574195861816, 22.45338189630673)
(0.5627679824829102, 22.256982784296717)
(0.5778608322143555, 22.45522745612617)
(0.5624983310699463, 22.7071674699885)
(0.6093668937683105, 22.558982393298752)
(0.5625002384185791, 22.38765009023261)
(0.5781314373016357, 22.259953391446775)
(0.562488317489624, 22.488488917815616)
(0.5625038146972656, 22.749382229231983)
(0.5767092704772949, 22.212700161139306)
(0.5625030994415283, 22.399426792343164)
(0.5624897480010986, 22.597648043395687)
(0.5468759536743164, 22.22175972554135)
(0.5624954700469971, 22.321935329307333)
(0.5781309604644775, 22.245782676936763)
(0.5624959468841553, 22.21773348639739)
(0.578131914138794, 20.680673891103982)
(0.5625035762786865, 22.45056338603218)
(0.5781209468841553, 22.43959919835836)
(0.5624983310699463, 21.97092238949741)
(0.5625057220458984, 22.62798160626936)
(0.5625030994415283, 22.302151791976787)
(0.5781228542327881, 22.54125965952822)
(0.5625050067901611, 22.281786688981327)

Promedio de tiempos:
0.5687471723556519 segundos
568.7471723556519 milisegundos

Desviación estándar:
0.009834243306925618 segundos
9.834243306925618 milisegundos

Promedio valor función objetivo:
22.29998057796598
Desviación estándar valor función objetivo:
0.009834243306925618