Tiempos de ejecución y valor de la función objetivo de metaheurística con 50 repeticiones de 40 iteraciones y 80 hormigas:

(Tiempo de ejecución, Valor función objetivo)
(4.765625238418579, 22.984310436127217)
(4.782403469085693, 22.218886114369422)
(4.7656238079071045, 22.000116943547667)
(4.734379291534424, 22.42135846252115)
(4.764183521270752, 22.673192863589314)
(4.766758918762207, 22.55040136823251)
(4.75454306602478, 22.372338337015346)
(4.749999046325684, 22.601019768477084)
(4.781248569488525, 22.380560444452403)
(4.751161336898804, 22.62771674403001)
(4.749993085861206, 22.479060312031585)
(4.750545263290405, 22.47826631560627)
(4.766856908798218, 22.666546210545317)
(4.765628814697266, 22.44581160484138)
(4.774324655532837, 22.786922083829964)
(4.776030540466309, 22.911116654117542)
(4.766707897186279, 22.19878851162626)
(4.765622854232788, 22.556982007843267)
(4.766788721084595, 22.384450862355173)
(4.781596660614014, 22.815401088003647)
(4.765623569488525, 22.641902327247408)
(4.735544443130493, 22.206618152398026)
(4.765946865081787, 22.56052460270628)
(4.765625238418579, 22.386846856963853)
(4.7667741775512695, 22.726507540944386)
(4.750000238418579, 22.834854117878052)
(4.75, 22.628249983182926)
(4.753555536270142, 22.779319050014145)
(4.750000476837158, 22.46578590756367)
(4.755555152893066, 22.861602808752)
(4.765625, 22.717968427667873)
(4.765624761581421, 22.57050798411033)
(4.752045154571533, 22.68227965806444)
(4.765620231628418, 22.45854969066204)
(4.765299558639526, 22.301134515343243)
(4.752426862716675, 22.720214807138795)
(4.749993324279785, 22.362323886743745)
(4.741935968399048, 22.42393885336402)
(4.759170293807983, 22.459235189039347)
(4.703129053115845, 22.354509097347503)
(4.766808986663818, 22.678397854867725)
(4.74999737739563, 22.231147038771514)
(4.761217355728149, 22.368596530108878)
(4.75000524520874, 22.881520295841266)
(4.782464504241943, 22.858560046683536)
(4.750737428665161, 22.51748423982331)
(4.765627384185791, 22.30582802218108)
(4.609369277954102, 20.72913335215336)
(4.781251668930054, 22.446794223553844)
(4.75116491317749, 22.562556795741358)

Promedio de tiempos:
4.7565632343292235 segundos
4756.563234329224 milisegundos

Desviación estándar:
0.025207645046025053 segundos
25.207645046025053 milisegundos

Promedio valor función objetivo:
22.50552277980041
Desviación estándar valor función objetivo:
0.3304309376806276