Tiempos de ejecución y valor de la función objetivo de metaheurística con 50 repeticiones de 20 iteraciones y 30 hormigas:

(Tiempo de ejecución, Valor función objetivo)
(0.8906230926513672, 22.61948231399269)
(0.8906233310699463, 22.49517956459576)
(0.8906245231628418, 22.674453615210936)
(0.8906214237213135, 22.16442739241699)
(0.8906242847442627, 22.339974903025425)
(0.906252384185791, 22.244762560841526)
(0.8906233310699463, 22.17564721149349)
(0.8906257152557373, 22.466981973241566)
(0.8906233310699463, 22.777941424386167)
(0.8917732238769531, 22.658906529899962)
(0.8901805877685547, 22.354121244601963)
(0.8906245231628418, 22.26907066458766)
(0.8906259536743164, 22.053320408048545)
(0.8906238079071045, 22.493455607247483)
(0.8906266689300537, 22.13713954964695)
(0.8917627334594727, 22.41650750746019)
(0.8906245231628418, 22.119009974647533)
(0.8906183242797852, 22.431128869127228)
(0.8750007152557373, 22.56687564150944)
(0.9062480926513672, 22.518301853774055)
(0.8906233310699463, 22.432341622475917)
(0.8906252384185791, 22.23398274009986)
(0.8906207084655762, 22.27895373587681)
(0.8906261920928955, 22.254343216826797)
(0.8906230926513672, 22.378363080104123)
(0.8749954700469971, 22.21779579240909)
(0.876166582107544, 22.285459755026327)
(0.8906230926513672, 22.504071739378517)
(0.8906252384185791, 22.704242426022194)
(0.8906257152557373, 22.48310107728873)
(0.8906240463256836, 21.95268567280055)
(0.8906235694885254, 22.66578159465751)
(0.8906252384185791, 22.564966271425813)
(0.880542516708374, 22.571538821288556)
(0.8906242847442627, 22.495007707650043)
(0.8906252384185791, 22.648201269959685)
(0.8906266689300537, 22.474130340779322)
(0.8862037658691406, 22.81523182552952)
(0.8906247615814209, 22.805131342135375)
(0.8906245231628418, 22.572869748161104)
(0.8906264305114746, 22.038491629040745)
(0.890620231628418, 22.63712008490083)
(0.890625, 22.672624485096673)
(0.890625, 22.502609538663233)
(0.8906271457672119, 22.57498232925976)
(0.8749980926513672, 22.30238004870723)
(0.8749990463256836, 22.30642859772343)
(0.8749964237213135, 22.136047214525586)
(0.8906235694885254, 23.006072914507754)
(0.8882040977478027, 22.236959968238633)

Promedio de tiempos:
0.8890958976745605 segundos
889.0958976745605 milisegundos

Desviación estándar:
0.006215034837354828 segundos
6.215034837354828 milisegundos

Promedio valor función objetivo:
22.434572108006304
Desviación estándar valor función objetivo:
0.22519884274510593