Tiempos de ejecución y valor de la función objetivo de metaheurística con 50 repeticiones de 10 iteraciones y 80 hormigas:

(Tiempo de ejecución, Valor función objetivo)
(1.171875238418579, 22.512332393361934)
(1.1718754768371582, 22.508613391100475)
(1.171874761581421, 22.53779446303222)
(1.1718764305114746, 22.55322329997143)
(1.1406245231628418, 22.099576892018547)
(1.1704614162445068, 22.251438301446672)
(1.1562480926513672, 22.143634863621305)
(1.1562435626983643, 22.22817658765652)
(1.1875007152557373, 22.399528829331658)
(1.156250238418579, 22.65809257348181)
(1.156250238418579, 22.51549737232976)
(1.1406235694885254, 20.472011720882417)
(1.1562516689300537, 22.018759026093083)
(1.1718668937683105, 22.25147060192835)
(1.1718764305114746, 22.186315383991158)
(1.173029899597168, 22.43139262783537)
(1.1718740463256836, 22.591642364404013)
(1.171875, 22.376061117304577)
(1.1718738079071045, 22.65703387721038)
(1.15625, 22.790892357374336)
(1.1562449932098389, 22.2596812492729)
(1.1718759536743164, 22.468205932263775)
(1.1744651794433594, 21.96556428009466)
(1.171875238418579, 22.431998332093876)
(1.171874761581421, 22.705168029864247)
(1.1718764305114746, 22.267237764412535)
(1.1249988079071045, 21.068941824789622)
(1.156252145767212, 21.97406934242876)
(1.124999761581421, 20.58668877863609)
(1.1562488079071045, 22.41564012356958)
(1.171877145767212, 22.076599948153454)
(1.156250238418579, 22.112806774603587)
(1.173022985458374, 22.554166543831208)
(1.1718711853027344, 22.835150131363243)
(1.1718800067901611, 22.234703183038068)
(1.1744134426116943, 22.56322039721932)
(1.1718735694885254, 22.298900301281364)
(1.1718754768371582, 22.31468805134019)
(1.1718742847442627, 22.372592809538002)
(1.1718783378601074, 22.215315275284507)
(1.1718742847442627, 22.172633539658335)
(1.1731176376342773, 22.5834367315469)
(1.2031259536743164, 22.49192501123826)
(1.171872854232788, 22.619372109809472)
(1.1718764305114746, 22.89944609506829)
(1.140624761581421, 20.621876124558007)
(1.1562490463256836, 22.249247209889035)
(1.1562480926513672, 22.47858810751547)
(1.1718761920928955, 22.469814286209626)
(1.1731312274932861, 22.19215497289504)

Promedio de tiempos:
1.1654825448989867 segundos
1165.4825448989868 milisegundos

Desviación estándar:
0.01374999117299473 segundos
13.74999117299473 milisegundos

Promedio valor función objetivo:
22.253666426116865
Desviación estándar valor función objetivo:
0.5133028038269909