Tiempos de ejecución y valor de la función objetivo de metaheurística con 50 repeticiones de 10 iteraciones y 40 hormigas:

(Tiempo de ejecución, Valor función objetivo)
(0.5937497615814209, 22.786564229833402)
(0.5781252384185791, 22.42844618927447)
(0.5781228542327881, 22.401387193564872)
(0.5781209468841553, 22.233648500510107)
(0.5937488079071045, 22.365420880773605)
(0.5781252384185791, 21.822963868408202)
(0.594907283782959, 22.794628914519567)
(0.5781219005584717, 22.05870829463341)
(0.5781173706054688, 22.58660643088185)
(0.5937507152557373, 22.430009822113867)
(0.5781247615814209, 22.680304124044717)
(0.5781214237213135, 22.291598784379342)
(0.5910985469818115, 22.61257117975067)
(0.5780496597290039, 22.097839033064055)
(0.5781154632568359, 22.199427472368104)
(0.5938146114349365, 22.645180157314005)
(0.5937497615814209, 22.658177974136322)
(0.5937492847442627, 22.552326962199164)
(0.5937519073486328, 22.597698773254496)
(0.5781219005584717, 22.286608675371415)
(0.5624964237213135, 21.055402302599536)
(0.5937397480010986, 21.868700203883712)
(0.5937492847442627, 22.49321277423358)
(0.5666534900665283, 20.26982071054363)
(0.5937466621398926, 22.27068336532151)
(0.5937507152557373, 22.35207853208549)
(0.5781240463256836, 22.759245170791136)
(0.5766704082489014, 22.196266763399404)
(0.578125, 22.315766828201912)
(0.5937483310699463, 22.316631044155177)
(0.5937576293945312, 22.146771905405192)
(0.578118085861206, 22.10077596953733)
(0.5803220272064209, 22.361166633406583)
(0.5937540531158447, 21.946326133896342)
(0.5937488079071045, 21.959386290820564)
(0.5937526226043701, 22.6853498227852)
(0.5781235694885254, 22.2713336458515)
(0.5888023376464844, 22.548684994836265)
(0.5781400203704834, 22.3310627572643)
(0.5781240463256836, 20.224579899388406)
(0.5937521457672119, 22.20693729056475)
(0.5781223773956299, 22.25456303578799)
(0.5781211853027344, 22.87150352413489)
(0.59375, 22.804483954841047)
(0.5781247615814209, 22.54148791489833)
(0.5781233310699463, 22.237432050451197)
(0.5781228542327881, 22.17793188064603)
(0.5937516689300537, 22.58950560821553)
(0.5781259536743164, 22.74893088314125)
(0.5781252384185791, 22.812477650572784)

Promedio de tiempos:
0.5843430852890015 segundos
584.3430852890015 milisegundos

Desviación estándar:
0.008549018823953213 segundos
8.549018823953213 milisegundos

Promedio valor función objetivo:
22.284972340041126
Desviación estándar valor función objetivo:
0.5243651044888163