Tiempos de ejecución y valor de la función objetivo de metaheurística con 50 repeticiones de 40 iteraciones y 10 hormigas:

(Tiempo de ejecución, Valor función objetivo)
(0.5937464237213135, 22.63855475082376)
(0.594916582107544, 22.210169357961334)
(0.5972912311553955, 22.77716101980725)
(0.6093747615814209, 22.2777784752065)
(0.6093745231628418, 22.664503481888595)
(0.5937504768371582, 22.020097816079144)
(0.5937507152557373, 22.239385319433715)
(0.5937478542327881, 22.595024806477735)
(0.6093745231628418, 22.87191595771888)
(0.6093752384185791, 22.564270306980145)
(0.6093745231628418, 22.821058557969327)
(0.6093759536743164, 23.02807578054019)
(0.5937495231628418, 22.274483594370746)
(0.609375, 22.21295849470087)
(0.6093752384185791, 22.338322233708922)
(0.6093740463256836, 22.72267132872434)
(0.5937507152557373, 22.224582668663903)
(0.5937464237213135, 22.17785405286445)
(0.5937461853027344, 22.516932231396982)
(0.5937457084655762, 22.791657069868847)
(0.6093745231628418, 22.417230322959767)
(0.6093745231628418, 22.453025327752243)
(0.609375, 22.44976451496348)
(0.5781252384185791, 20.81187274635129)
(0.6093721389770508, 22.501181298381535)
(0.6093752384185791, 22.80173518431609)
(0.6105406284332275, 22.390985886383987)
(0.6093745231628418, 22.34854500629676)
(0.6093783378601074, 22.633010163100177)
(0.6093711853027344, 22.149665608770746)
(0.6093761920928955, 22.250270597995417)
(0.6093738079071045, 22.363550001110333)
(0.6093764305114746, 22.12425759490631)
(0.6093747615814209, 22.248559064974184)
(0.5781211853027344, 20.667568875483944)
(0.6093752384185791, 22.236144019548266)
(0.6093752384185791, 22.179318516821912)
(0.6093742847442627, 22.1682885591134)
(0.6093752384185791, 22.43558992480243)
(0.6109340190887451, 22.53197167957559)
(0.6093742847442627, 22.675276983984435)
(0.609375, 22.443992000196804)
(0.5937438011169434, 22.79396070654048)
(0.5937469005584717, 22.184449840480315)
(0.5937492847442627, 20.737781035418372)
(0.5937509536743164, 22.436728618578073)
(0.5937466621398926, 22.301105384771994)
(0.6093721389770508, 22.461079342102742)
(0.6093742847442627, 22.56626502072478)
(0.6093754768371582, 22.397673337968616)

Promedio de tiempos:
0.6032728433609009 segundos
603.2728433609009 milisegundos

Desviación estándar:
0.008796864036573048 segundos
8.796864036573048 milisegundos

Promedio valor función objetivo:
22.34256608939121
Desviación estándar valor función objetivo:
0.46403653191331584