Tiempos de ejecución y valor de la función objetivo de metaheurística con 50 repeticiones de 10 iteraciones y 50 hormigas:

(Tiempo de ejecución, Valor función objetivo)
(0.7187454700469971, 22.692528575889458)
(0.7182967662811279, 22.69725063437777)
(0.7187459468841553, 22.190016358139246)
(0.7187492847442627, 22.74409723329587)
(0.7187507152557373, 21.897844475841765)
(0.734375, 22.089705551026135)
(0.7355504035949707, 22.554481872150042)
(0.7187492847442627, 22.140185523271725)
(0.7187492847442627, 22.42670716939691)
(0.7187490463256836, 22.314599518769022)
(0.7031221389770508, 20.586742907001547)
(0.7343738079071045, 22.449471198692553)
(0.734375, 22.1304971049611)
(0.7343759536743164, 22.327836203788635)
(0.7343738079071045, 22.593358473895254)
(0.7343761920928955, 22.66497755743861)
(0.7343752384185791, 22.656996402292098)
(0.7187502384185791, 22.552085586647717)
(0.7187478542327881, 22.40746870215765)
(0.7187454700469971, 22.16403120351995)
(0.7343759536743164, 22.33616867238244)
(0.734375, 22.430590402130022)
(0.7343711853027344, 22.29977782203154)
(0.7031278610229492, 20.291640587141867)
(0.7187454700469971, 22.306495198661015)
(0.718743085861206, 22.29920407415924)
(0.7199251651763916, 22.3250359756119)
(0.7187483310699463, 22.40708583532062)
(0.7232935428619385, 22.923157260243297)
(0.7343738079071045, 22.65548277533026)
(0.734375, 22.19765535583664)
(0.7343759536743164, 21.882381644041565)
(0.7343757152557373, 21.95479509362502)
(0.7343733310699463, 22.015612966805573)
(0.7343761920928955, 23.002184171733166)
(0.7343738079071045, 22.755808711891902)
(0.7343752384185791, 22.1968687106875)
(0.7343764305114746, 22.58172074591182)
(0.7343738079071045, 22.101097389312535)
(0.7343747615814209, 22.225676147476577)
(0.7343752384185791, 22.41076623155231)
(0.7343752384185791, 22.26469508255513)
(0.7187507152557373, 22.611026712930833)
(0.7343757152557373, 22.090067053958833)
(0.7343730926513672, 22.16981255313638)
(0.7343754768371582, 22.475440130587412)
(0.7187495231628418, 22.173337118439452)
(0.7199022769927979, 22.357401837618962)
(0.7193129062652588, 22.81409740150672)
(0.7187492847442627, 22.74011288026875)

Promedio de tiempos:
0.7267249202728272 segundos
726.7249202728271 milisegundos

Desviación estándar:
0.008901653493259117 segundos
8.901653493259117 milisegundos

Promedio valor función objetivo:
22.311521575908845
Desviación estándar valor función objetivo:
0.4633229581360547