Tiempos de ejecución y valor de la función objetivo de metaheurística con 50 repeticiones de 20 iteraciones y 80 hormigas:

(Tiempo de ejecución, Valor función objetivo)
(2.374999761581421, 22.781310997395437)
(2.3606057167053223, 22.61094508551005)
(2.3709723949432373, 22.585371020091742)
(2.363644599914551, 22.421443054238118)
(2.3906173706054688, 22.47883506089131)
(2.3750009536743164, 22.36035055323371)
(2.3593757152557373, 22.271653171467918)
(2.3750007152557373, 22.723829090133393)
(2.34633731842041, 21.82298127386947)
(2.2812490463256836, 20.68696287544948)
(2.3593711853027344, 22.814845429067873)
(2.3605148792266846, 22.439476643037366)
(2.3593742847442627, 22.436322519112846)
(2.375000238418579, 22.837899954652478)
(2.359374523162842, 22.702961059935095)
(2.3593764305114746, 22.387907726552342)
(2.3906209468841553, 22.523967536453174)
(2.363933801651001, 22.694836259154123)
(2.3593738079071045, 22.83590016833828)
(2.374997854232788, 22.25092504726955)
(2.3750007152557373, 22.44487779316034)
(2.3749988079071045, 22.140496831145125)
(2.359374523162842, 22.46791756698628)
(2.3709092140197754, 22.546318521200124)
(2.286445379257202, 20.62746083480197)
(2.3593766689300537, 22.57093295685892)
(2.3437516689300537, 22.12265682559993)
(2.359374523162842, 22.39537046484437)
(2.359375238418579, 22.01620852667269)
(2.3593764305114746, 22.534850829143746)
(2.344910144805908, 21.921384161055425)
(2.365917205810547, 22.466878409904098)
(2.359374523162842, 22.549925936835475)
(2.374999761581421, 22.841803283752647)
(2.359375476837158, 22.532091209957706)
(2.359374523162842, 22.372344180336473)
(2.344869375228882, 22.407195703566863)
(2.373512029647827, 22.61274476988971)
(2.3593738079071045, 22.36776771798649)
(2.3615291118621826, 22.4035858954492)
(2.3906242847442627, 22.627984960647122)
(2.359374523162842, 22.515778373936474)
(2.3437461853027344, 22.278670888521567)
(2.3750014305114746, 22.57438553330022)
(2.3593740463256836, 22.459349778153225)
(2.3437485694885254, 22.07269216644713)
(2.3619351387023926, 22.28625136854215)
(2.312494993209839, 22.108492705810093)
(2.3593761920928955, 22.39939099730525)
(2.360522747039795, 22.32544820643915)

Promedio de tiempos:
2.359543175697327 segundos
2359.5431756973267 milisegundos

Desviación estándar:
0.02031334173120577 segundos
20.31334173120577 milisegundos

Promedio valor función objetivo:
22.373199638482074
Desviación estándar valor función objetivo:
0.4173226679303426