Tiempos de ejecución y valor de la función objetivo de metaheurística con 50 repeticiones de 50 iteraciones y 20 hormigas:

(Tiempo de ejecución, Valor función objetivo)
(1.5, 22.586349440073434)
(1.4975879192352295, 22.371087951677637)
(1.5000009536743164, 22.47693061007936)
(1.500004768371582, 22.51093372120465)
(1.4999949932098389, 22.55481859987999)
(1.4999995231628418, 22.21250682079744)
(1.499999761581421, 22.446420854478333)
(1.5000009536743164, 22.50226189346563)
(1.484370231628418, 22.658586830052876)
(1.499995231628418, 22.434123759027575)
(1.5168473720550537, 22.39967457490551)
(1.5000016689300537, 22.479508738949495)
(1.4999980926513672, 22.512617751273037)
(1.484375, 22.41454599668779)
(1.4999961853027344, 22.617827487055898)
(1.499999761581421, 22.438407308712097)
(1.5000009536743164, 22.779387946391545)
(1.500584602355957, 22.645787493727504)
(1.5156233310699463, 22.586332948301774)
(1.5000004768371582, 22.57836374901165)
(1.4855351448059082, 22.51404133100508)
(1.499999761581421, 22.619081118292435)
(1.5000007152557373, 22.043998992012362)
(1.437499761581421, 20.883955205547043)
(1.468749761581421, 20.85387407377958)
(1.503565788269043, 22.677555531839815)
(1.500000238418579, 22.503899983443034)
(1.4531238079071045, 20.884942248193507)
(1.484374761581421, 22.100243228028734)
(1.4999964237213135, 22.51354260888446)
(1.501150369644165, 22.152124731317674)
(1.5156223773956299, 22.5234592065425)
(1.5156242847442627, 22.52241169697368)
(1.5156257152557373, 22.474786377394633)
(1.499997854232788, 22.407591923174916)
(1.5000007152557373, 22.4352686139076)
(1.4999964237213135, 22.23038291651153)
(1.5011706352233887, 22.48205352759325)
(1.5, 22.627736735563058)
(1.5156257152557373, 22.40420858657546)
(1.500000238418579, 22.262848624067587)
(1.4869365692138672, 22.18474754985602)
(1.4843740463256836, 22.281460561594475)
(1.499995470046997, 22.38645708087172)
(1.500000238418579, 22.754360379321803)
(1.5156259536743164, 22.971184291547903)
(1.5, 22.230768877341955)
(1.501152753829956, 22.47001443808799)
(1.515625, 21.98388154778999)
(1.5101945400238037, 22.31157378086768)

Promedio de tiempos:
1.498218936920166 segundos
1498.218936920166 milisegundos

Desviación estándar:
0.014420694739793053 segundos
14.420694739793053 milisegundos

Promedio valor función objetivo:
22.357978604873615
Desviación estándar valor función objetivo:
0.4180565157446822