Tiempos de ejecución y valor de la función objetivo de metaheurística con 50 repeticiones de 60 iteraciones y 40 hormigas:

(Tiempo de ejecución, Valor función objetivo)
(3.609375, 22.30280204048656)
(3.532472848892212, 21.858062441906572)
(3.4687509536743164, 20.623605266586015)
(3.5781214237213135, 22.37432429078079)
(3.5937490463256836, 21.976515056780656)
(3.5781216621398926, 22.306290158713885)
(3.5826542377471924, 22.74430469081018)
(3.562501907348633, 22.48634186541176)
(3.5781173706054688, 22.918957450982997)
(3.588271141052246, 22.65322335961812)
(3.5999276638031006, 22.670906968324694)
(3.59375, 22.55843653558576)
(3.609375, 22.552825728387212)
(3.5792863368988037, 22.612084615804644)
(3.5937485694885254, 22.413343403500726)
(3.5781266689300537, 22.31190472513134)
(3.5625009536743164, 21.99649188931116)
(3.59432053565979, 22.221960551854025)
(3.5937442779541016, 22.557229488803753)
(3.5000033378601074, 20.747896378528395)
(3.579671621322632, 22.41463203690472)
(3.5937507152557373, 22.55221345693337)
(3.578125238418579, 22.294659787464717)
(3.5937492847442627, 22.462106232517666)
(3.579284906387329, 22.526324215234524)
(3.59375, 22.699665794412326)
(3.5937490463256836, 22.587199150152486)
(3.579294443130493, 22.661150523585583)
(3.538769245147705, 21.974623786339727)
(3.562999963760376, 22.1811435012953)
(3.578125238418579, 22.474252414650888)
(3.5791730880737305, 22.849660255978534)
(3.5781288146972656, 22.577375021036126)
(3.562506914138794, 22.362002954575306)
(3.5792691707611084, 22.474687586874758)
(3.593751907348633, 22.530907917905477)
(3.5781235694885254, 23.196041990748245)
(3.5792956352233887, 22.499292073716628)
(3.562053680419922, 22.377325456830732)
(3.5937490463256836, 22.2342576166058)
(3.5949249267578125, 22.68757851119905)
(3.5620882511138916, 22.292105347859543)
(3.578122615814209, 22.307875772395636)
(3.579592227935791, 22.46942810739128)
(3.5937483310699463, 22.510990325993525)
(3.5792932510375977, 22.77249958716154)
(3.593749523162842, 22.782617733055208)
(3.5781238079071045, 22.37932610193441)
(3.593750476837158, 22.542060248870076)
(3.586638927459717, 22.31596151884312)

Promedio de tiempos:
3.577885456085205 segundos
3577.885456085205 milisegundos

Desviación estándar:
0.02430159685203091 segundos
24.301596852030908 milisegundos

Promedio valor función objetivo:
22.397549438715508
Desviación estándar valor función objetivo:
0.4260028242043023