Tiempos de ejecución y valor de la función objetivo de metaheurística con 50 repeticiones de 50 iteraciones y 30 hormigas:

(Tiempo de ejecución, Valor función objetivo)
(2.2343740463256836, 22.24512606106209)
(2.2343735694885254, 22.590292939040456)
(2.2343719005584717, 22.719626604672463)
(2.2500011920928955, 22.708378337419916)
(2.2343742847442627, 22.56618619344224)
(2.2343709468841553, 22.290930109723757)
(2.2500007152557373, 22.441329147473823)
(2.235518217086792, 22.33715672662373)
(2.234373092651367, 22.542744662591353)
(2.234375476837158, 22.62593326892093)
(2.2263431549072266, 22.586955308710397)
(2.234373092651367, 22.61302916185148)
(2.218745470046997, 22.474243431418966)
(2.2343738079071045, 22.301533422280766)
(2.234377861022949, 22.714833223134875)
(2.249995470046997, 22.4346372271398)
(2.1579627990722656, 20.65393403151974)
(2.2499985694885254, 22.29129160503823)
(2.2343761920928955, 22.903583668387153)
(2.250000238418579, 22.238920098664742)
(2.251152515411377, 22.21168046956146)
(2.249999761581421, 22.135379797917437)
(2.265626907348633, 22.471130774264402)
(2.2499990463256836, 22.303505544732076)
(2.25114369392395, 22.5880445840335)
(2.2500007152557373, 22.577052090415652)
(2.2499992847442627, 22.293315387846658)
(2.1647822856903076, 21.060833151154675)
(2.250000476837158, 22.22186225564255)
(2.2343764305114746, 22.549208851072127)
(2.2343735694885254, 21.99567200138545)
(2.234372615814209, 22.60918778536074)
(2.2429418563842773, 22.397298667911635)
(2.234375, 22.15862517323319)
(2.234373092651367, 22.384353841559538)
(2.234375476837158, 21.79051096645355)
(2.2355432510375977, 22.386063845720145)
(2.25, 22.274966981031)
(2.25, 22.63939283985104)
(2.2499985694885254, 22.52576901686745)
(2.2355432510375977, 22.463908299906073)
(2.1562483310699463, 20.88967936281795)
(2.2343740463256836, 22.340960333598634)
(2.2309370040893555, 22.639800627649134)
(2.2343759536743164, 22.55164078369497)
(2.2385427951812744, 22.91185939425234)
(2.234375476837158, 22.032093872649433)
(2.2343738079071045, 22.703189434461102)
(2.2187507152557373, 22.139061889169174)
(2.2289211750030518, 22.051640717282556)

Promedio de tiempos:
2.234611144065857 segundos
2234.611144065857 milisegundos

Desviación estándar:
0.02106429655580838 segundos
21.064296555808383 milisegundos

Promedio valor función objetivo:
22.33156707941225
Desviación estándar valor función objetivo:
0.4357802657391584