Tiempos de ejecución y valor de la función objetivo de metaheurística con 50 repeticiones de 60 iteraciones y 10 hormigas:

(Tiempo de ejecución, Valor función objetivo)
(0.906247615814209, 22.719647832265313)
(0.890622615814209, 21.936621473900665)
(0.9067943096160889, 22.634975067776868)
(0.9062490463256836, 22.554372958016717)
(0.9062507152557373, 22.67771230834158)
(0.8906240463256836, 22.310725285343757)
(0.8906209468841553, 22.1687817490305)
(0.9062497615814209, 22.210986510207242)
(0.8906216621398926, 22.326814554241302)
(0.8906204700469971, 22.26927759381989)
(0.9062540531158447, 22.61303497865045)
(0.8906238079071045, 21.878048599104083)
(0.8906219005584717, 22.30451641304979)
(0.90625, 22.53283863140478)
(0.9062495231628418, 22.44563475592958)
(0.9074351787567139, 22.26445221948233)
(0.9062509536743164, 22.4008195008554)
(0.9062490463256836, 22.418872681569933)
(0.8906216621398926, 22.413205135219723)
(0.8906245231628418, 22.08056278084952)
(0.9062507152557373, 22.354607490458044)
(0.9062488079071045, 22.57833065748993)
(0.9062502384185791, 22.27096761163011)
(0.90625, 22.77828069189091)
(0.8749964237213135, 20.37604601448677)
(0.875, 20.506652223962323)
(0.9074115753173828, 23.001675037706185)
(0.9062526226043701, 22.460842472565894)
(0.9062473773956299, 22.166016375973648)
(0.8906252384185791, 22.433835645492344)
(0.9062550067901611, 22.72698041767533)
(0.906247615814209, 22.75324030811711)
(0.9194216728210449, 22.597154990864027)
(0.9062440395355225, 22.00191949748778)
(0.9218757152557373, 22.580203541768398)
(0.90625, 22.296799191797977)
(0.8749992847442627, 20.712572816826977)
(0.9094865322113037, 22.37317349624459)
(0.8906235694885254, 22.471637887864823)
(0.9062502384185791, 22.77698596289953)
(0.906247615814209, 22.316857493115734)
(0.9062492847442627, 23.09470227210831)
(0.9062492847442627, 22.09820457669275)
(0.9062502384185791, 22.498978117265526)
(0.9001467227935791, 22.351161290216982)
(0.890613317489624, 22.076755777900534)
(0.9062514305114746, 22.525820926507343)
(0.9062507152557373, 22.945123249003416)
(0.9062488079071045, 22.53928736262194)
(0.9062490463256836, 22.698961385132787)

Promedio de tiempos:
0.9012004995346069 segundos
901.2004995346069 milisegundos

Desviación estándar:
0.010054187748815115 segundos
10.054187748815115 milisegundos

Promedio valor función objetivo:
22.330513516256552
Desviación estándar valor función objetivo:
0.5234845763531379