Comparar modelos con parametros encontrados		
Iteración: 0		
22.09477695	13	79.02
21.9682759	13	3.08
Iteración: 1		
22.37646399	13	28.57
22.01625216	13	4.25
Iteración: 2		
22.38270915	13	35.84
21.99035917	13	6.35
Iteración: 3		
22.27299462	13	35.65
22.13020489	13	3.17
Iteración: 4		
22.65479224	13	4.37
22.50472758	13	3.09
Iteración: 5		
22.02642322	13	7.19
22.00416712	13	3.06
Iteración: 6		
22.53315709	13	11.4
22.42652858	13	3.11
Iteración: 7		
22.05025351	13	2.24
21.93296894	13	3.11
Iteración: 8		
22.2373363	13	9.06
22.06366614	13	3.14
Iteración: 9		
22.12074302	13	69.71
21.99624633	13	3.09
Iteración: 10		
21.82816105	13	14.11
21.5773332	13	3.08
Iteración: 11		
22.4222184	13	14.97
22.12746157	13	3.13
Iteración: 12		
22.29439349	13	521.17
22.2190355	13	3.24
Iteración: 13		
22.16083459	13	30.53
21.86910252	13	3.11
Iteración: 14		
22.22026042	13	18.17
22.03517722	13	3.25
Iteración: 15		
21.87241838	13	98.06
21.77798201	13	3.2
Iteración: 16		
22.37834398	13	19.86
22.29356925	13	3.01
Iteración: 17		
22.30851315	13	4.5
22.15350089	13	3.04
Iteración: 18		
21.95831261	13	5.46
21.53509977	13	3.08
Iteración: 19		
22.19307003	13	45.47
22.0428047	13	3.2
Iteración: 20		
22.29033537	13	11.33
22.14549288	13	3.05
Iteración: 21		
22.23945423	13	69.24
22.11266667	13	3.12
Iteración: 22		
22.21784484	13	2.86
22.04307772	13	3.04
Iteración: 23		
22.33339267	13	68.22
22.30230573	13	3.16
Iteración: 24		
22.48782854	13	0.86
22.24036286	13	3.07
Iteración: 25		
22.27027652	13	13.15
22.13962519	13	3.1
Iteración: 26		
22.10880458	13	94.86
21.98164843	13	3.2
Iteración: 27		
21.92236316	13	6.1
21.85474309	13	3.12
Iteración: 28		
22.35265607	13	11.7
22.18562248	13	3.53
Iteración: 29		
22.10762848	13	82.51
21.94412802	13	3.59
Iteración: 30		
22.10752148	13	10.88
22.00233097	13	4.4
Iteración: 31		
22.35320529	13	37.15
22.20944719	13	3.15
Iteración: 32		
22.18935121	13	2.09
22.08799923	13	3.15
Iteración: 33		
22.14215236	13	4.74
21.95912286	13	3.13
Iteración: 34		
21.91688808	13	189.61
21.77949125	13	3.22
Iteración: 35		
22.55914233	13	4.38
22.41203813	13	3.19
Iteración: 36		
22.07901022	13	12.23
21.93568523	13	3.13
Iteración: 37		
22.26656465	13	8.41
21.96337722	13	3.2
Iteración: 38		
22.03824662	13	9.52
21.92873585	13	3.63
Iteración: 39		
21.91476924	13	27.91
21.80631041	13	3.11
Iteración: 40		
22.02563397	13	1.53
21.88297379	13	3.1
Iteración: 41		
21.72071193	13	14.11
21.56500236	13	3.17
Iteración: 42		
22.29632279	13	0.79
22.21200284	13	3.21
Iteración: 43		
22.52021378	13	21.21
22.23085155	13	3.79
Iteración: 44		
21.97693483	13	9.11
21.87476347	13	3.21
Iteración: 45		
22.10426772	13	13.69
21.99234104	13	3.03
Iteración: 46		
22.15402656	13	4.44
21.85668257	13	3.1
Iteración: 47		
22.23248439	13	4.7
22.05811902	13	3.05
Iteración: 48		
22.07521098	13	20.46
21.90363736	13	3.12
Iteración: 49		
22.35667207	13	10.33
22.23219668	13	3.21
Iteración: 50		
21.74212967	13	97.29
21.60041167	13	3.06
Iteración: 51		
20.29315265	12	3.84
20.21421589	12	2.94
Iteración: 52		
22.32323544	13	5.95
22.22413676	13	3.09
Iteración: 53		
22.61599846	13	3.12
22.54267248	13	3.01
Iteración: 54		
22.18200487	13	4.52
21.88582474	13	3.06
Iteración: 55		
22.19655389	13	39.87
22.05327191	13	3.08
Iteración: 56		
21.87221851	13	140.88
21.81378224	13	3.16
Iteración: 57		
22.30680255	13	12.98
22.16837874	13	3.12
Iteración: 58		
20.33799278	12	0.65
20.23426293	12	3.04
Iteración: 59		
22.64592307	13	0.87
22.17280466	13	3.12
Iteración: 60		
22.19041463	13	4.43
22.0471707	13	3.16
Iteración: 61		
21.75082408	13	4.08
21.6124383	13	3.15
Iteración: 62		
21.93765133	13	15.93
21.84877279	13	3.15
Iteración: 63		
21.77514191	13	34.67
21.71847346	13	3.1
Iteración: 64		
22.01378191	13	77.42
21.93416559	13	3.41
Iteración: 65		
21.92138549	13	4.55
21.89043474	13	3.13
Iteración: 66		
22.2805537	13	5.14
22.11723574	13	3.17
Iteración: 67		
22.35479833	13	7.51
22.20917883	13	3.42
Iteración: 68		
22.33626081	13	35.45
22.21415969	13	3.15
Iteración: 69		
22.28123616	13	51.76
22.13264636	13	3.25
Iteración: 70		
22.12135443	13	1.94
21.99328089	13	3.14
Iteración: 71		
22.37147098	13	25.55
22.24448955	13	3.18
Iteración: 72		
22.60576696	13	5.02
22.2469128	13	3.18
Iteración: 73		
22.09920154	13	27.66
22.03955808	13	3.11
Iteración: 74		
22.10886586	13	5.49
21.98738172	13	3.4
Iteración: 75		
22.22083626	13	565.1
21.90282201	13	3.34
Iteración: 76		
22.67390592	13	7.21
22.34092064	13	3.2
Iteración: 77		
21.71550349	13	44.09
21.57064014	13	3.18
Iteración: 78		
21.89953902	13	3.62
21.79522921	13	3.1
Iteración: 79		
22.16538898	13	41.55
22.0607699	13	3.14
Iteración: 80		
22.75381922	13	0.75
22.39863975	13	3.14
Iteración: 81		
20.62365609	12	3.54
20.52754405	12	3.11
Iteración: 82		
22.26768026	13	2.69
22.18089966	13	3.21
Iteración: 83		
22.47386674	13	4.19
22.38973603	13	3.12
Iteración: 84		
21.98782459	13	668.58
21.9035768	13	3.16
Iteración: 85		
22.52191388	13	7.3
22.18265542	13	3.18
Iteración: 86		
20.59547548	12	6.09
20.43984107	12	3.11
Iteración: 87		
22.36029469	13	8.94
22.0122041	13	3.57
Iteración: 88		
22.18522194	13	2.43
22.08577094	13	3.22
Iteración: 89		
20.74892673	12	4.83
20.64296758	12	3.03
Iteración: 90		
22.36484096	13	4.15
22.10226446	13	3.11
Iteración: 91		
20.77888636	12	12.77
20.69835637	12	3.08
Iteración: 92		
22.05857115	13	4.99
21.92180796	13	3.15
Iteración: 93		
22.27100723	13	3.15
21.95206213	13	4.27
Iteración: 94		
22.07229986	13	3.13
21.92745175	13	3.27
Iteración: 95		
22.02609098	13	13.5
21.76302606	13	3.16
Iteración: 96		
20.74801707	12	3.39
20.57332785	12	3
Iteración: 97		
22.37480671	13	2.52
22.24804196	13	3.14
Iteración: 98		
22.27386292	13	2.79
22.13569808	13	3.14
Iteración: 99		
22.43032261	13	2.55
22.28114805	13	3.21
