Tiempos de ejecución en segundos de metaheurística con 50 repeticiones de 30 iteraciones y 70 hormigas:
9.048377752304077
8.094974040985107
7.289212465286255
6.0233235359191895
5.482414722442627
7.394862174987793
6.906003475189209
8.733821868896484
8.672022342681885
7.41133451461792
7.539235591888428
7.798236131668091
7.401734352111816
8.434337854385376
5.406638145446777
5.562814950942993
4.206733703613281
4.709163427352905
4.149846315383911
4.47247314453125
3.918131113052368
4.58411169052124
4.488677978515625
4.982334613800049
5.2309112548828125
7.374997615814209
4.460395336151123
5.575698137283325
4.532707929611206
4.434125661849976
4.4669036865234375
3.895984172821045
4.036304235458374
4.738961219787598
4.177713871002197
4.321199655532837
4.257443904876709
5.348689794540405
5.427079916000366
4.5975120067596436
4.386149883270264
4.182809352874756
4.3778910636901855
4.398284673690796
4.546524524688721
5.425383806228638
4.426455020904541
4.631965160369873
4.653727769851685
4.507782697677612

Promedio de tiempos:
5.50248836517334 segundos
5502.48836517334 milisegundos

Desviación estándar:
1.5008732672534286 segundos
1500.8732672534286 milisegundos
