Tiempos de ejecución en segundos de metaheurística con 50 repeticiones de 60 iteraciones y 50 hormigas:
4.684481620788574
4.796549320220947
4.6051812171936035
5.3168580532073975
6.673866271972656
3.7534990310668945
3.236269474029541
3.3068368434906006
3.0332939624786377
3.0773303508758545
2.875551462173462
3.252255916595459
3.5673623085021973
2.943448066711426
2.8460304737091064
6.514235496520996
3.0476858615875244
3.100182056427002
3.0139920711517334
3.182694435119629
3.124908447265625
3.131775140762329
3.27256178855896
5.546248435974121
4.511208772659302
3.1939122676849365
3.3021011352539062
2.9545202255249023
3.0875625610351562
3.3505308628082275
3.5198209285736084
3.5580878257751465
3.683413505554199
3.2240407466888428
3.3479862213134766
3.171273708343506
3.191617965698242
3.1226933002471924
3.4313929080963135
3.3948192596435547
4.1936376094818115
3.7386233806610107
3.976196765899658
3.812749147415161
3.8238768577575684
3.376084804534912
3.7790610790252686
4.3158745765686035
4.0410284996032715
3.437112331390381

Promedio de tiempos:
3.6888465070724488 segundos
3688.8465070724487 milisegundos

Desviación estándar:
0.8500131114394647 segundos
850.0131114394646 milisegundos
