Tiempos de ejecución en segundos de metaheurística con 50 repeticiones de 60 iteraciones y 20 hormigas:
1.3358829021453857
1.3357927799224854
1.2921154499053955
1.3135004043579102
1.3058140277862549
1.4465243816375732
1.5508451461791992
1.7983572483062744
1.6841273307800293
1.38094162940979
1.388273000717163
1.353588581085205
1.4242756366729736
1.2746531963348389
1.2491388320922852
1.239628791809082
1.240675926208496
1.3349201679229736
1.3103110790252686
1.2683439254760742
1.2542810440063477
1.3184239864349365
1.3298988342285156
1.2236011028289795
1.234154224395752
1.239217758178711
1.2304315567016602
1.5335991382598877
1.4702129364013672
1.7119386196136475
1.533254861831665
1.4025912284851074
1.4427807331085205
1.3479704856872559
1.3032591342926025
1.3007190227508545
1.4015817642211914
1.4339191913604736
1.3468375205993652
1.4661569595336914
1.5531671047210693
1.86903977394104
1.3694894313812256
1.2172086238861084
1.219142198562622
1.2744386196136475
1.189960241317749
1.7183713912963867
1.559593915939331
1.2623612880706787

Promedio de tiempos:
1.385706262588501 segundos
1385.706262588501 milisegundos

Desviación estándar:
0.1577929624513883 segundos
157.7929624513883 milisegundos
