Tiempos de ejecución en segundos de metaheurística con 50 repeticiones de 50 iteraciones y 10 hormigas:
1.6338098049163818
1.7958247661590576
1.2807793617248535
1.5733296871185303
1.461087703704834
1.3866896629333496
1.5547153949737549
2.034071922302246
1.40899658203125
1.4771795272827148
1.6784167289733887
1.589738368988037
1.7625837326049805
1.767305850982666
1.5853145122528076
1.5110690593719482
2.012655019760132
1.8715136051177979
1.4796526432037354
1.3082530498504639
1.1589241027832031
1.3450348377227783
1.4877188205718994
1.4351255893707275
1.2012121677398682
1.2613797187805176
1.3269541263580322
1.0319023132324219
1.2335567474365234
1.226940631866455
1.262160301208496
1.3635718822479248
1.1572239398956299
1.2618560791015625
1.2980124950408936
1.2159957885742188
1.1421089172363281
1.1962170600891113
0.9754867553710938
1.0424814224243164
1.1609530448913574
1.2474827766418457
1.085195779800415
1.07029128074646
1.1971344947814941
1.1910302639007568
1.191545009613037
1.2883150577545166
1.2140109539031982
1.334630012512207

Promedio de tiempos:
1.3755487871170045 segundos
1375.5487871170044 milisegundos

Desviación estándar:
0.2471613234290794 segundos
247.1613234290794 milisegundos
