Tiempos de ejecución en segundos de metaheurística con 50 repeticiones de 30 iteraciones y 60 hormigas:
5.479261875152588
4.797114610671997
4.726128101348877
6.619125604629517
5.966886043548584
5.915751218795776
7.8658998012542725
7.678501129150391
8.583293914794922
9.318929195404053
8.994081020355225
8.997377872467041
6.983283281326294
8.427555322647095
6.2892303466796875
7.688270330429077
5.872128963470459
4.999822616577148
5.104883432388306
6.3222105503082275
5.302051782608032
4.840209245681763
4.704942226409912
4.776165723800659
4.940977334976196
4.843103408813477
7.015092134475708
4.856435537338257
4.978600978851318
4.804519176483154
4.647212982177734
4.586366891860962
4.569980144500732
4.904146194458008
5.249690532684326
4.464170217514038
4.666818618774414
6.3593058586120605
6.604952573776245
4.721833229064941
7.548704624176025
7.129928827285767
7.952142953872681
6.48738431930542
4.717675447463989
5.8607118129730225
6.822399854660034
9.058456182479858
6.904391050338745
6.445700407028198

Promedio de tiempos:
6.147876110076904 segundos
6147.876110076904 milisegundos

Desviación estándar:
1.4346098967702268 segundos
1434.6098967702267 milisegundos
