Tiempos de ejecución en segundos de metaheurística con 50 repeticiones de 10 iteraciones y 50 hormigas:
1.7313859462738037
1.5593931674957275
1.89729905128479
2.2235734462738037
2.178349494934082
1.69035005569458
1.566807508468628
1.9989492893218994
2.172229766845703
1.9435489177703857
2.0891754627227783
1.4192841053009033
1.9023418426513672
1.7631263732910156
1.759981393814087
1.4017677307128906
1.3300108909606934
1.4795362949371338
1.129298210144043
1.3811004161834717
1.4869420528411865
1.3255236148834229
1.352050542831421
2.3109960556030273
1.4765174388885498
1.1892898082733154
1.40285325050354
1.912785530090332
1.1937549114227295
1.316091775894165
1.6310551166534424
1.636888027191162
1.7652437686920166
1.966926097869873
1.8084654808044434
1.7945611476898193
1.5028178691864014
1.4771130084991455
1.7588083744049072
1.7400715351104736
1.6325767040252686
1.1841449737548828
1.2517240047454834
1.3547041416168213
1.2073285579681396
1.2009108066558838
1.3115360736846924
1.2597196102142334
1.2604100704193115
1.2994990348815918

Promedio de tiempos:
1.5925763750076294 segundos
1592.5763750076294 milisegundos

Desviación estándar:
0.31187867813825243 segundos
311.87867813825244 milisegundos
