Tiempos de ejecución en segundos de metaheurística con 50 repeticiones de 40 iteraciones y 20 hormigas:
2.069176435470581
1.982818841934204
2.110679864883423
2.133988618850708
2.1661641597747803
2.3243725299835205
1.9556663036346436
1.9956138134002686
1.940464735031128
1.7993512153625488
1.9438996315002441
2.3773515224456787
2.9410953521728516
2.3222880363464355
2.087073564529419
1.9003329277038574
2.260932445526123
1.9033663272857666
1.892427682876587
2.0292232036590576
2.1277825832366943
2.4601287841796875
2.245460033416748
1.9639766216278076
2.3202669620513916
2.1597743034362793
2.1557822227478027
2.0400354862213135
1.9990675449371338
2.1278209686279297
2.1745541095733643
1.9545934200286865
1.9305379390716553
1.9377422332763672
1.8988356590270996
2.0064051151275635
1.8661203384399414
1.765557050704956
1.8427705764770508
1.7627482414245605
2.1377956867218018
2.3650095462799072
1.9868810176849365
1.9152576923370361
2.025068759918213
1.9180784225463867
2.028149127960205
2.2219455242156982
2.6020216941833496
3.1636035442352295

Promedio de tiempos:
2.1048011684417727 segundos
2104.8011684417725 milisegundos

Desviación estándar:
0.26479610380306073 segundos
264.79610380306076 milisegundos
