Tiempos de ejecución en segundos de metaheurística con 50 repeticiones de 20 iteraciones y 20 hormigas:
1.1012966632843018
0.9903991222381592
1.0279276371002197
1.1072633266448975
1.068580150604248
1.0289347171783447
0.9629290103912354
0.943666934967041
0.9273631572723389
1.031933069229126
1.3799889087677002
1.2629671096801758
1.2655835151672363
1.0396862030029297
1.031834602355957
1.100900650024414
1.0425143241882324
1.0142266750335693
1.0940334796905518
0.8118925094604492
0.9965333938598633
0.9272282123565674
0.9581394195556641
1.0515809059143066
1.0655303001403809
0.9348092079162598
1.1057767868041992
0.9236164093017578
0.9463272094726562
0.9317715167999268
1.0362956523895264
1.0475871562957764
1.4503405094146729
1.5335536003112793
1.3939378261566162
1.4140312671661377
1.0847582817077637
1.1332449913024902
1.3907320499420166
1.3718984127044678
0.9481987953186035
1.070039987564087
1.073655605316162
0.8942639827728271
1.074608564376831
1.0470032691955566
1.037334680557251
1.0470006465911865
0.9652354717254639
1.0273916721343994

Promedio de tiempos:
1.0823269510269165 segundos
1082.3269510269165 milisegundos

Desviación estándar:
0.1585667415218874 segundos
158.5667415218874 milisegundos
