Tiempos de ejecución en segundos de metaheurística con 50 repeticiones de 60 iteraciones y 10 hormigas:
0.7748255729675293
0.8689591884613037
0.9290382862091064
0.8134682178497314
0.6970906257629395
0.6550946235656738
0.6601128578186035
0.6645891666412354
0.6340856552124023
0.6197447776794434
0.622887134552002
0.6527540683746338
0.6207647323608398
0.6167623996734619
0.6418662071228027
0.6790804862976074
0.6211621761322021
0.6016745567321777
0.6078090667724609
0.6232573986053467
0.7088592052459717
0.6596572399139404
0.6465563774108887
0.6191296577453613
0.6350419521331787
0.6534757614135742
0.6591672897338867
0.6619420051574707
0.6477949619293213
0.6528000831604004
0.6776914596557617
0.7650291919708252
0.9338741302490234
0.8670916557312012
0.716731071472168
0.7121856212615967
0.718440055847168
0.6960299015045166
0.7349464893341064
0.7155935764312744
0.7253730297088623
0.7134625911712646
0.6951158046722412
0.6936209201812744
0.7175533771514893
0.7880470752716064
0.9322307109832764
1.0358660221099854
0.7531013488769531
0.8870985507965088

Promedio de tiempos:
0.712570686340332 segundos
712.570686340332 milisegundos

Desviación estándar:
0.09913305369246012 segundos
99.13305369246011 milisegundos
