Tiempos de ejecución en segundos de metaheurística con 50 repeticiones de 40 iteraciones y 80 hormigas:
8.969160556793213
7.613707542419434
7.594165086746216
8.09295654296875
9.88875150680542
9.755257844924927
9.417680025100708
10.443464040756226
8.665092945098877
8.573642253875732
8.16360878944397
7.8395609855651855
7.932357549667358
7.741901874542236
7.955445766448975
8.950104236602783
7.049470901489258
6.971161127090454
7.004183769226074
6.754515647888184
7.425923824310303
7.272458791732788
7.423338890075684
8.424768686294556
9.094341516494751
7.271163463592529
7.778754949569702
8.832122802734375
7.431052207946777
10.243189096450806
7.841897487640381
7.354522705078125
7.129228830337524
7.626399755477905
7.716946840286255
7.41338849067688
7.000452280044556
8.779109239578247
8.699020862579346
7.956845760345459
7.46104621887207
7.653209686279297
9.674816131591797
10.326240539550781
11.219259023666382
10.029301166534424
9.625088930130005
7.83646297454834
7.4345338344573975
7.360253810882568

Promedio de tiempos:
8.25422655582428 segundos
8254.22655582428 milisegundos

Desviación estándar:
1.081915255031503 segundos
1081.915255031503 milisegundos
