Tiempos de ejecución en segundos de metaheurística con 50 repeticiones de 10 iteraciones y 90 hormigas:
2.20896577835083
2.4685680866241455
2.672304391860962
2.232351541519165
2.394304037094116
2.4791505336761475
2.6498823165893555
2.4208836555480957
2.548649549484253
3.8080272674560547
3.350811719894409
2.347069501876831
2.4923012256622314
2.815502405166626
2.4648168087005615
2.4069271087646484
2.5120813846588135
3.079084634780884
3.2349092960357666
2.5161404609680176
2.822087049484253
2.684791326522827
2.515669584274292
3.1143696308135986
2.2311248779296875
2.2671029567718506
3.194288730621338
2.549832582473755
3.1758222579956055
2.6953892707824707
2.5154528617858887
3.581529140472412
3.0893070697784424
2.8507392406463623
3.2852087020874023
2.386173725128174
2.370211124420166
2.500434637069702
2.6110000610351562
3.0092649459838867
2.85164737701416
2.836500644683838
2.934821844100952
2.6180152893066406
2.5214529037475586
2.492978811264038
2.2611405849456787
3.0098109245300293
2.4133670330047607
2.4247915744781494

Promedio de tiempos:
2.6983411693573 segundos
2698.3411693573 milisegundos

Desviación estándar:
0.36487347267042186 segundos
364.87347267042185 milisegundos
