Tiempos de ejecución en segundos de metaheurística con 50 repeticiones de 50 iteraciones y 60 hormigas:
4.566205739974976
4.209866523742676
7.425915241241455
6.595385789871216
8.3164963722229
7.894832134246826
7.084110498428345
4.82072114944458
4.4982054233551025
4.698570013046265
4.6884925365448
4.3473498821258545
4.9134509563446045
5.106625080108643
4.295461654663086
5.47309136390686
3.840601921081543
4.603197813034058
3.6325769424438477
2.962139844894409
3.4469659328460693
4.777147531509399
5.126300811767578
2.991901397705078
2.767928123474121
2.7860612869262695
3.489795446395874
3.6068551540374756
3.5092060565948486
3.1971559524536133
2.696747303009033
2.6607930660247803
2.9490749835968018
2.649578809738159
4.578181266784668
3.530381679534912
3.1028051376342773
3.3008172512054443
3.1314570903778076
2.708007335662842
3.3338325023651123
2.8898091316223145
2.6612601280212402
2.6205639839172363
2.676414728164673
2.621631145477295
2.6592273712158203
2.8290090560913086
2.7411818504333496
2.627972364425659

Promedio de tiempos:
3.972827215194702 segundos
3972.827215194702 milisegundos

Desviación estándar:
1.4413493890320703 segundos
1441.3493890320703 milisegundos
