Tiempos de ejecución en segundos de metaheurística con 50 repeticiones de 30 iteraciones y 30 hormigas:
2.683293581008911
2.540858745574951
2.653582811355591
3.2117748260498047
2.7061800956726074
2.5127151012420654
2.33892560005188
2.366511344909668
2.5419762134552
2.523796796798706
2.441906690597534
2.516347885131836
2.4596107006073
2.5363564491271973
2.440248727798462
2.4348905086517334
2.3923020362854004
2.6723484992980957
2.4996540546417236
2.5869693756103516
2.4609994888305664
2.485567808151245
2.459942102432251
2.447049617767334
2.4167585372924805
2.442070722579956
2.9730284214019775
3.3905818462371826
2.6340067386627197
2.5080864429473877
2.4868156909942627
2.4440510272979736
2.5862035751342773
2.490342855453491
2.5951995849609375
2.4613921642303467
2.4799106121063232
2.399465560913086
2.530165910720825
2.3490917682647705
2.5649337768554688
2.683851718902588
2.4243173599243164
2.2778267860412598
3.0041332244873047
2.491075277328491
2.420070171356201
2.4107460975646973
2.500382900238037
2.849865436553955

Promedio de tiempos:
2.5545636653900146 segundos
2554.5636653900146 milisegundos

Desviación estándar:
0.20782994973803684 segundos
207.82994973803685 milisegundos
