Tiempos de ejecución en segundos de metaheurística con 50 repeticiones de 30 iteraciones y 10 hormigas:
0.9834620952606201
1.005941390991211
0.9026005268096924
0.901216983795166
1.1290767192840576
0.915273904800415
0.954026460647583
0.8787074089050293
0.8762118816375732
0.960350751876831
0.9242508411407471
0.9649059772491455
0.9624757766723633
0.9745402336120605
0.9646637439727783
1.0018014907836914
0.898712158203125
0.914031982421875
0.8984909057617188
0.8655908107757568
0.9912645816802979
0.9081366062164307
0.9297449588775635
0.9596984386444092
1.2458546161651611
1.3140549659729004
1.1974825859069824
1.2181360721588135
1.0906221866607666
0.9873948097229004
1.0716924667358398
0.9077973365783691
0.9553349018096924
0.9226303100585938
1.0223331451416016
0.9094111919403076
0.9219844341278076
0.895134687423706
0.9565210342407227
1.2926619052886963
0.9152650833129883
0.8826568126678467
0.8881990909576416
0.9372787475585938
0.9129180908203125
0.9667563438415527
0.8732240200042725
0.8881990909576416
0.9072072505950928
0.8513531684875488

Promedio de tiempos:
0.9719456195831299 segundos
971.9456195831299 milisegundos

Desviación estándar:
0.10986027814994848 segundos
109.86027814994847 milisegundos
