Tiempos de ejecución en segundos de metaheurística con 50 repeticiones de 10 iteraciones y 10 hormigas:
0.5549867153167725
0.49921345710754395
0.5377366542816162
0.5614168643951416
0.5714635848999023
0.5989923477172852
0.47147560119628906
0.5117275714874268
0.363858699798584
0.4064207077026367
0.3900108337402344
0.65140700340271
0.5326633453369141
0.3786966800689697
0.2815570831298828
0.4238302707672119
0.3076589107513428
0.3983879089355469
0.33731675148010254
0.30037546157836914
0.3882153034210205
0.4526667594909668
0.3197340965270996
0.4442629814147949
0.5589253902435303
0.5084805488586426
0.3964965343475342
0.39804601669311523
0.42906928062438965
0.48818373680114746
0.4033925533294678
0.47409629821777344
0.485522985458374
0.33132028579711914
0.3862874507904053
0.37828898429870605
0.49344325065612793
0.4012007713317871
0.4705014228820801
0.506303071975708
0.5407133102416992
0.6792507171630859
0.6808311939239502
0.5018231868743896
0.37274956703186035
0.5318520069122314
0.5985186100006104
0.45046162605285645
0.5033974647521973
0.6513237953186035

Promedio de tiempos:
0.46609111309051515 segundos
466.09111309051514 milisegundos

Desviación estándar:
0.09878179257938803 segundos
98.78179257938802 milisegundos
