Tiempos de ejecución en segundos de metaheurística con 50 repeticiones de 10 iteraciones y 70 hormigas:
1.6440227031707764
1.523036003112793
1.6371917724609375
1.4678733348846436
1.9620695114135742
1.6478817462921143
1.5174810886383057
1.4843075275421143
1.7032804489135742
1.7387936115264893
1.5119655132293701
1.5055229663848877
1.6773841381072998
1.6490612030029297
1.6584575176239014
1.6547930240631104
1.6309278011322021
1.852616786956787
2.464491605758667
2.2572786808013916
1.6695053577423096
1.5791234970092773
1.6603631973266602
1.8071551322937012
1.5973176956176758
1.6808733940124512
1.6876938343048096
1.637068510055542
1.7564659118652344
1.6795153617858887
1.6416523456573486
1.6327300071716309
1.696958303451538
1.5293712615966797
1.6371328830718994
1.6671271324157715
1.597769021987915
1.4929108619689941
1.7737610340118408
1.483591079711914
1.633249282836914
1.6804420948028564
1.6221985816955566
1.7383496761322021
1.6700828075408936
1.6167902946472168
1.5652518272399902
1.581329345703125
1.503589153289795
1.7828271389007568

Promedio de tiempos:
1.6698126602172851 segundos
1669.8126602172852 milisegundos

Desviación estándar:
0.17293725243956584 segundos
172.93725243956584 milisegundos
