Tiempos de ejecución en segundos de metaheurística con 50 repeticiones de 40 iteraciones y 40 hormigas:
5.849759817123413
4.565279245376587
4.586188554763794
4.720240116119385
4.477970361709595
4.295003890991211
4.135465383529663
4.5813539028167725
5.029133319854736
4.220852851867676
5.695457458496094
6.510957956314087
5.063613414764404
6.14661717414856
5.464675664901733
5.158142566680908
3.6533379554748535
3.6609396934509277
4.854616641998291
3.9955532550811768
4.942903995513916
4.172263860702515
4.150632858276367
5.3024067878723145
4.055046319961548
4.174937963485718
3.927812337875366
4.418930530548096
3.8600871562957764
3.7858729362487793
3.9157750606536865
4.059937953948975
3.9641871452331543
3.731433629989624
3.660911798477173
3.646303415298462
3.803088426589966
3.865352153778076
5.241623640060425
4.123226881027222
4.0899577140808105
4.301825046539307
3.8608078956604004
4.687028169631958
3.8180134296417236
4.209451913833618
3.7791500091552734
4.695236921310425
4.810422658920288
4.058525323867798

Promedio de tiempos:
4.435566263198853 segundos
4435.5662631988525 milisegundos

Desviación estándar:
0.6779882260214486 segundos
677.9882260214486 milisegundos
