Tiempos de ejecución en segundos de metaheurística con 50 repeticiones de 20 iteraciones y 80 hormigas:
4.813999176025391
5.8433997631073
6.070147514343262
5.673372983932495
6.561779737472534
5.515170574188232
5.3194639682769775
5.5282511711120605
5.513012647628784
6.127362251281738
5.8606040477752686
5.055430889129639
4.968781471252441
5.720261096954346
4.870880603790283
5.174634218215942
4.524255990982056
4.981655120849609
5.373374700546265
5.812835216522217
6.044056177139282
5.654399633407593
6.074340343475342
5.194571495056152
5.0362443923950195
4.94539999961853
6.567847728729248
4.5235512256622314
4.467303991317749
4.745861053466797
5.123540163040161
4.139509439468384
4.461598873138428
4.452548980712891
4.714016437530518
4.614540338516235
4.249554634094238
4.611175775527954
6.144203424453735
4.711637735366821
4.195746421813965
5.059668302536011
5.315678834915161
6.455504894256592
5.912278652191162
5.398064851760864
5.306777000427246
5.159347057342529
4.219196319580078
4.461050271987915

Promedio de tiempos:
5.225357751846314 segundos
5225.3577518463135 milisegundos

Desviación estándar:
0.6491815914691131 segundos
649.1815914691132 milisegundos
