Tiempos de ejecución en segundos de metaheurística con 50 repeticiones de 20 iteraciones y 90 hormigas:
6.832311630249023
4.8725268840789795
4.824101209640503
4.75342321395874
4.6107118129730225
4.591200828552246
4.720992088317871
5.550588130950928
4.859015703201294
5.416369438171387
7.3265345096588135
9.018172979354858
5.406593561172485
8.47187066078186
8.410208702087402
6.350951671600342
6.319550037384033
7.585315942764282
5.931075572967529
5.254987716674805
5.69327449798584
4.754788637161255
4.657272100448608
4.739105224609375
5.107210874557495
5.084015846252441
6.2141571044921875
4.829521894454956
4.968427419662476
5.058156490325928
4.462454557418823
6.2571680545806885
5.480664491653442
5.535213947296143
5.118412971496582
4.753994703292847
4.725932359695435
4.669741153717041
4.861562013626099
4.738999605178833
4.987874507904053
4.997291803359985
5.747653961181641
6.89690899848938
5.325073480606079
5.511853218078613
4.8820579051971436
5.0076904296875
4.827819347381592
4.8185133934021

Promedio de tiempos:
5.5163862657547 segundos
5516.3862657547 milisegundos

Desviación estándar:
1.0695960952927206 segundos
1069.5960952927205 milisegundos
