Tiempos de ejecución en segundos de metaheurística con 50 repeticiones de 60 iteraciones y 90 hormigas:
5.006330966949463
5.640854597091675
4.9805426597595215
4.91655707359314
4.877233505249023
5.116074085235596
4.959025859832764
4.848348140716553
4.8923020362854
4.845566272735596
5.221702575683594
4.974406719207764
5.373471736907959
4.885915517807007
4.934431076049805
4.969231128692627
4.9306886196136475
10.397521734237671
10.34677791595459
5.699519157409668
7.976552963256836
8.194355964660645
7.259087562561035
7.373218536376953
7.455066680908203
7.58940577507019
8.188002347946167
6.879951000213623
6.9415953159332275
6.449648141860962
6.400721311569214
6.301701784133911
5.727560997009277
4.88183069229126
5.4264209270477295
5.202935695648193
5.017824411392212
4.938051223754883
5.0569257736206055
5.003692388534546
5.072293043136597
5.015908241271973
5.0080461502075195
4.991765022277832
5.044245481491089
4.982974290847778
5.758317232131958
5.060356378555298
5.02359938621521
4.828260183334351

Promedio de tiempos:
5.817336325645447 segundos
5817.336325645447 milisegundos

Desviación estándar:
1.3614344892413117 segundos
1361.4344892413117 milisegundos
