Tiempos de ejecución en segundos de metaheurística con 50 repeticiones de 60 iteraciones y 30 hormigas:
2.1766204833984375
2.145081043243408
2.235921621322632
2.6654202938079834
2.21382999420166
2.3598384857177734
1.995211124420166
2.3969855308532715
1.9426960945129395
2.6013543605804443
2.1620213985443115
2.277465343475342
2.612680196762085
2.1298601627349854
1.9346277713775635
2.825885772705078
2.1761746406555176
1.9811336994171143
1.9478700160980225
2.297767162322998
2.5226833820343018
2.526911973953247
2.024477481842041
2.118504285812378
2.3859519958496094
2.3093650341033936
1.848949670791626
2.105236053466797
2.0321719646453857
2.129063844680786
2.425414800643921
3.4538559913635254
2.4506585597991943
2.751004934310913
2.498075008392334
2.3356010913848877
1.7951250076293945
1.773787498474121
1.7699732780456543
1.801619529724121
2.299154043197632
2.308621883392334
2.701009511947632
2.0547046661376953
1.793532133102417
2.1305625438690186
1.9576029777526855
2.324796438217163
2.2424099445343018
2.4985501766204834

Promedio de tiempos:
2.2489564180374146 segundos
2248.9564180374146 milisegundos

Desviación estándar:
0.318657359578858 segundos
318.657359578858 milisegundos
