Tiempos de ejecución en segundos de metaheurística con 50 repeticiones de 50 iteraciones y 70 hormigas:
3.3438632488250732
3.3183062076568604
3.668950319290161
3.8711485862731934
3.418246030807495
3.1469993591308594
3.4427661895751953
3.6394495964050293
3.716827869415283
3.5819685459136963
3.96842360496521
3.8700613975524902
3.665894031524658
3.8514397144317627
3.5413804054260254
3.2739362716674805
3.547614574432373
3.827307939529419
3.3163862228393555
3.1958322525024414
3.1574010848999023
3.2677838802337646
3.826608657836914
3.2144393920898438
3.1161906719207764
3.20037841796875
3.163785934448242
3.3294272422790527
3.6672396659851074
3.686140298843384
3.5872838497161865
3.402437925338745
3.1810011863708496
3.4076457023620605
3.2594282627105713
3.10188889503479
3.260866403579712
3.2139506340026855
3.0917067527770996
3.331173896789551
3.160592555999756
3.116459846496582
3.2557621002197266
3.068018913269043
3.062182664871216
3.0711488723754883
3.102879762649536
3.065648078918457
3.1416051387786865
3.193103075027466

Promedio de tiempos:
3.37821964263916 segundos
3378.21964263916 milisegundos

Desviación estándar:
0.26146785229926567 segundos
261.46785229926564 milisegundos
