Tiempos de ejecución en segundos de metaheurística con 50 repeticiones de 40 iteraciones y 90 hormigas:
8.617161512374878
8.22785472869873
7.725696086883545
7.812249183654785
7.519201755523682
7.643380403518677
7.610321521759033
7.847143650054932
9.396657466888428
7.719778299331665
7.954133987426758
7.881240606307983
7.4573585987091064
7.786935806274414
7.8724915981292725
8.080874919891357
8.399680852890015
7.419639825820923
7.790813684463501
7.321566343307495
7.238588809967041
7.353771209716797
7.865326881408691
8.65262746810913
8.088377952575684
8.457297325134277
8.767322063446045
10.411125421524048
8.951550006866455
13.466840505599976
11.44199275970459
11.948904991149902
14.09786081314087
14.525003671646118
9.52189564704895
9.483431100845337
9.193649053573608
13.148988008499146
12.733680725097656
12.684917688369751
13.726912021636963
10.997533082962036
8.774928092956543
14.412697792053223
11.278727054595947
12.72842025756836
9.49207353591919

Promedio de tiempos:
757.7484845256805 segundos
757748.4845256805 milisegundos

Desviación estándar:
5229.526718953532 segundos
5229526.718953531 milisegundos
