Tiempos de ejecución en segundos de metaheurística con 50 repeticiones de 20 iteraciones y 50 hormigas:
2.236654758453369
2.5542497634887695
2.2459371089935303
2.3506832122802734
2.5028750896453857
1.9663348197937012
3.946216344833374
3.5752973556518555
2.8330960273742676
3.5881128311157227
3.1409270763397217
2.9693150520324707
3.2881360054016113
2.7149243354797363
2.866884231567383
2.7650628089904785
2.6859006881713867
2.7856454849243164
2.7062504291534424
3.0141687393188477
3.396162271499634
2.952069044113159
3.2313969135284424
3.539201021194458
3.4234721660614014
4.368192911148071
4.389471769332886
2.8846933841705322
2.77852463722229
2.8181710243225098
3.9308393001556396
4.435051918029785
4.841711759567261
2.7890238761901855
2.8512048721313477
2.9818108081817627
2.9899840354919434
2.646353244781494
2.8563430309295654
2.7407848834991455
3.5422098636627197
3.8913142681121826
3.422147274017334
4.844507455825806
4.271163702011108
3.229010581970215
3.1670656204223633
3.2084014415740967
3.370027780532837
3.0050482749938965

Promedio de tiempos:
3.1906406259536744 segundos
3190.6406259536743 milisegundos

Desviación estándar:
0.6493557963150608 segundos
649.3557963150608 milisegundos
