Tiempos de ejecución en segundos de metaheurística con 50 repeticiones de 20 iteraciones y 70 hormigas:
4.447676181793213
4.911115407943726
3.585618734359741
3.9173309803009033
3.745549440383911
3.8631508350372314
4.138537645339966
4.126305818557739
4.022897958755493
3.7690296173095703
3.585564613342285
3.6450157165527344
4.105416536331177
3.7327020168304443
3.7876598834991455
4.1395018100738525
4.643207311630249
3.6801464557647705
3.790018081665039
3.8523778915405273
4.6515419483184814
5.36560845375061
6.874785423278809
7.751002311706543
5.69862174987793
7.109610557556152
5.313496351242065
5.372983694076538
3.9439964294433594
4.165618419647217
4.390496730804443
3.9936649799346924
4.164071083068848
4.831413269042969
3.8416011333465576
4.085656642913818
3.8961386680603027
4.276710271835327
5.044598579406738
4.679650783538818
5.0837578773498535
5.04953932762146
4.160059928894043
3.7773783206939697
3.8410329818725586
3.826423168182373
3.7894582748413086
3.815526247024536
3.7037038803100586
3.8152542114257812

Promedio de tiempos:
4.396044492721558 segundos
4396.044492721558 milisegundos

Desviación estándar:
0.900400347037464 segundos
900.4003470374639 milisegundos
