Tiempos de ejecución en segundos de metaheurística con 50 repeticiones de 20 iteraciones y 10 hormigas:
0.5418906211853027
0.5630555152893066
0.5932385921478271
0.6079578399658203
0.616098165512085
0.551654577255249
0.5555672645568848
0.5329046249389648
0.6194415092468262
0.4794487953186035
0.47620344161987305
0.7631499767303467
0.885871171951294
0.900813102722168
0.8849356174468994
0.8414461612701416
0.8256001472473145
0.7262160778045654
0.643817663192749
0.589052677154541
0.6437830924987793
0.5763354301452637
0.6169633865356445
0.7113969326019287
0.5968201160430908
0.6606130599975586
0.7639212608337402
0.5387492179870605
0.6561434268951416
0.7265267372131348
0.5568511486053467
0.5219645500183105
0.6345889568328857
0.6796579360961914
0.6539056301116943
0.7285237312316895
0.6825025081634521
0.7887005805969238
0.7681674957275391
0.6614749431610107
0.6124141216278076
0.7326622009277344
0.7324190139770508
0.6751368045806885
0.8028562068939209
0.4526209831237793
0.5859825611114502
0.570371150970459
0.6273584365844727
0.5107252597808838

Promedio de tiempos:
0.6533700084686279 segundos
653.3700084686279 milisegundos

Desviación estándar:
0.10959475851872845 segundos
109.59475851872845 milisegundos
