Tiempos de ejecución en segundos de metaheurística con 50 repeticiones de 20 iteraciones y 60 hormigas:
4.384692192077637
3.6583492755889893
3.8797008991241455
4.0355448722839355
4.006860256195068
3.8476290702819824
3.9497010707855225
4.200828313827515
5.307952880859375
5.173665285110474
4.534012317657471
5.193830728530884
4.58313775062561
4.234896898269653
3.5407068729400635
3.2349984645843506
3.2845160961151123
3.698349714279175
4.110910892486572
4.528507947921753
4.720915079116821
3.880244016647339
4.660429954528809
6.309385538101196
4.830163240432739
5.025035619735718
4.869208812713623
4.430478572845459
4.37799596786499
4.162810564041138
3.8048036098480225
3.3616716861724854
3.684000253677368
4.046929597854614
3.5315675735473633
3.7927048206329346
6.460186958312988
3.9118404388427734
3.365286111831665
3.5224530696868896
5.3891565799713135
5.461617469787598
3.6146352291107178
3.8416872024536133
4.292191982269287
4.378628730773926
4.085536956787109
3.5743191242218018
3.1833784580230713
3.230083465576172

Promedio de tiempos:
4.223762769699096 segundos
4223.762769699097 milisegundos

Desviación estándar:
0.7389047707419812 segundos
738.9047707419812 milisegundos
