Tiempos de ejecución en segundos de metaheurística con 50 repeticiones de 50 iteraciones y 50 hormigas:
4.185456037521362
4.073360204696655
3.511075258255005
3.94746470451355
4.533734083175659
3.2312777042388916
3.5338351726531982
3.281977415084839
4.646852970123291
5.605365991592407
4.638173818588257
5.614742994308472
4.084772109985352
4.664773941040039
4.737362384796143
4.5966105461120605
3.6044631004333496
3.714711904525757
6.038445472717285
3.357671022415161
3.5101065635681152
5.220427751541138
8.384987115859985
3.6471261978149414
4.892664432525635
4.644382476806641
4.553067207336426
3.9305617809295654
3.557692527770996
5.421692609786987
4.179121255874634
5.901932239532471
4.344928741455078
4.089234113693237
6.383643388748169
3.402270555496216
3.8820314407348633
3.4419829845428467
4.989792823791504
4.343204736709595
4.423706293106079
3.9104788303375244
4.249655723571777
5.10858941078186
5.643886089324951
4.758573532104492
4.5109992027282715
3.7042126655578613
3.929805040359497
3.938124179840088

Promedio de tiempos:
4.450020174980164 segundos
4450.020174980164 milisegundos

Desviación estándar:
0.9497679329309746 segundos
949.7679329309747 milisegundos
