Tiempos de ejecución en segundos de metaheurística con 50 repeticiones de 10 iteraciones y 80 hormigas:
1.9205677509307861
1.75282883644104
2.566131591796875
2.510563850402832
2.3739981651306152
1.9042012691497803
1.878817081451416
1.9005751609802246
1.959420919418335
1.91691255569458
1.7978711128234863
1.8907103538513184
1.7452147006988525
1.7778997421264648
1.7960493564605713
1.6923019886016846
1.9350130558013916
1.6430232524871826
1.834179401397705
1.7940843105316162
1.849740982055664
1.7683711051940918
1.9515933990478516
1.84202241897583
1.7945137023925781
2.6173465251922607
1.9839036464691162
1.91166353225708
1.8257315158843994
2.4528465270996094
2.4919259548187256
1.9178385734558105
3.3287365436553955
2.0749690532684326
1.6529128551483154
1.6533410549163818
2.145371437072754
2.1101224422454834
1.920414924621582
2.2530720233917236
2.147718906402588
1.908416509628296
1.785975694656372
1.8373541831970215
1.9320218563079834
1.8836565017700195
1.9760046005249023
1.8687636852264404
2.1459906101226807

Promedio de tiempos:
1.992300106554610 segundos
1992.300106554610 milisegundos

Desviación estándar:
0.310477357537009 segundos
310.477357537009 milisegundos
