Tiempos de ejecución en segundos de metaheurística con 50 repeticiones de 30 iteraciones y 20 hormigas:
1.7671852111816406
1.7076942920684814
1.6512739658355713
1.6607675552368164
1.672764778137207
1.602870225906372
1.6402101516723633
1.6685078144073486
1.6323213577270508
1.7296881675720215
1.728835105895996
1.667280673980713
1.761751651763916
1.6597325801849365
1.637852668762207
1.6760814189910889
1.6203665733337402
1.6852145195007324
1.6226050853729248
1.6504673957824707
2.419356346130371
2.4871838092803955
1.915776014328003
1.638225793838501
1.5928983688354492
1.7181055545806885
1.6329529285430908
1.6481220722198486
1.8100156784057617
1.655452013015747
1.6251235008239746
1.8188388347625732
1.6616106033325195
1.5913927555084229
1.619734287261963
1.685765027999878
1.6203980445861816
1.7400712966918945
1.7321996688842773
1.7266209125518799
1.704850673675537
1.6270995140075684
1.5837244987487793
1.9342124462127686
1.6664760112762451
1.7390491962432861
1.7967419624328613
1.6632773876190186
1.6577849388122559
1.6237986087799072

Promedio de tiempos:
1.715606598854065 segundos
1715.606598854065 milisegundos

Desviación estándar:
0.1678009182204425 segundos
167.8009182204425 milisegundos
