Tiempos de ejecución en segundos de metaheurística con 50 repeticiones de 50 iteraciones y 30 hormigas:
3.410804510116577
3.6653761863708496
3.4492461681365967
3.2239599227905273
3.3153791427612305
3.1460821628570557
3.034254550933838
3.141112804412842
3.378392219543457
3.605058193206787
3.4566855430603027
3.669186592102051
3.336672306060791
3.4031052589416504
3.244205951690674
3.1046478748321533
3.194502592086792
3.2570652961730957
3.356403350830078
4.188703536987305
3.604827404022217
3.363600254058838
3.1942358016967773
3.212150812149048
3.409972667694092
1.426826000213623
1.38386869430542
1.4250943660736084
1.4079484939575195
1.4053010940551758
1.3163299560546875
1.406877040863037
1.4164774417877197
1.4919822216033936
4.397506952285767
3.195408821105957
3.71712327003479
3.4119956493377686
4.516600608825684
3.3845150470733643
2.7921650409698486
2.8518731594085693
2.667022466659546
1.984834909439087
2.671041250228882
1.944340467453003
1.7710483074188232
3.136251926422119
2.4279587268829346

Promedio de tiempos:
2.901102390695120 segundos
2901.102390695120 milisegundos

Desviación estándar:
0.888482115788626 segundos
888.482115788626 milisegundos
