Tiempos de ejecución en segundos de metaheurística con 50 repeticiones de 40 iteraciones y 60 hormigas:
5.8061933517456055
6.599487543106079
5.693483352661133
6.24196195602417
5.642219305038452
6.66054630279541
5.355583906173706
5.91593599319458
5.516882419586182
6.060949087142944
6.467393159866333
5.838891506195068
5.534210205078125
5.391373872756958
5.2023327350616455
6.050125598907471
5.681341886520386
5.36542010307312
5.624739408493042
5.7753729820251465
6.126366853713989
6.0216944217681885
5.438656806945801
5.723450660705566
5.791535139083862
6.023436784744263
6.622031211853027
6.732383966445923
6.713407278060913
5.478365182876587
5.835801124572754
5.7219743728637695
5.71930718421936
5.439215421676636
5.514998435974121
5.877833127975464
6.82756781578064
6.124056577682495
5.737647533416748
5.680836915969849
5.602470874786377
5.799910545349121
6.163496494293213
5.741206407546997
5.520382404327393
5.791169881820679
7.527185916900635
5.713773965835571
5.317856311798096
5.1821677684783936

Promedio de tiempos:
5.878692641258239 segundos
5878.69264125824 milisegundos

Desviación estándar:
0.47100703964236024 segundos
471.0070396423602 milisegundos
