Tiempos de ejecución en segundos de metaheurística con 50 repeticiones de 60 iteraciones y 80 hormigas:
4.63131856918335
4.497157335281372
4.58620810508728
4.7817018032073975
4.880321741104126
4.693485498428345
4.74149489402771
4.747337579727173
4.315587043762207
4.32778263092041
4.401103258132935
4.7609007358551025
5.906381845474243
4.8014256954193115
4.6972129344940186
5.042243480682373
4.555207967758179
4.356245994567871
4.454208135604858
4.397830009460449
4.40511679649353
4.318877696990967
4.430638074874878
4.371409177780151
4.340269088745117
4.391481161117554
4.383688688278198
4.307298898696899
4.350956201553345
4.305599689483643
4.366790294647217
4.37847113609314
4.374178886413574
4.5204126834869385
4.496474504470825
4.324019908905029
4.429854154586792
4.42927360534668
4.306097030639648
4.307941675186157
4.352473974227905
4.351221084594727
4.360513210296631
4.434893846511841
4.321542501449585
4.321604013442993
4.38540244102478
4.3264384269714355
4.39813232421875
4.376856088638306

Promedio de tiempos:
4.494861650466919 segundos
4494.861650466919 milisegundos

Desviación estándar:
0.26679874399383535 segundos
266.79874399383533 milisegundos
