Tiempos de ejecución en segundos de metaheurística con 50 repeticiones de 20 iteraciones y 40 hormigas:
2.1867785453796387
2.512572765350342
2.585460901260376
1.9143881797790527
2.528658390045166
2.354442834854126
2.626091480255127
2.358285427093506
2.5450994968414307
2.7047998905181885
2.151761054992676
2.9588606357574463
2.8373160362243652
2.5824320316314697
2.1819846630096436
2.4925758838653564
3.423084020614624
3.2876381874084473
2.7457714080810547
2.378413438796997
2.044787883758545
2.5554988384246826
2.7963192462921143
2.7021310329437256
2.3830361366271973
2.7206084728240967
2.6293962001800537
1.6409263610839844
1.8943307399749756
2.051389217376709
2.19484806060791
2.4965693950653076
2.6655774116516113
2.531290292739868
2.5283963680267334
2.2792277336120605
2.292719602584839
1.728520393371582
1.8912813663482666
1.9105019569396973
1.864344596862793
1.9548039436340332
2.031867742538452
2.3759162425994873
2.0333986282348633
1.8417747020721436
1.9396390914916992
1.9881255626678467
1.7876315116882324
1.9088501930236816

Promedio de tiempos:
2.3404024839401245 segundos
2340.4024839401245 milisegundos

Desviación estándar:
0.3911347371319161 segundos
391.1347371319161 milisegundos
