Tiempos de ejecución en segundos de metaheurística con 50 repeticiones de 30 iteraciones y 50 hormigas:
4.926922082901001
4.003006935119629
4.502439498901367
4.029287338256836
3.6507232189178467
4.689172029495239
4.269981622695923
3.428203821182251
3.900519847869873
4.62386155128479
4.427551031112671
3.9227192401885986
3.8808753490448
3.877432346343994
4.319745779037476
4.263868570327759
4.046443700790405
3.8359196186065674
3.547281265258789
3.935124397277832
3.9669296741485596
5.286741018295288
3.8340513706207275
4.973499059677124
4.705122947692871
3.9163148403167725
3.8893792629241943
5.191326856613159
4.217438220977783
4.453037977218628
4.38383150100708
3.3733572959899902
4.457995176315308
4.493002653121948
3.3104498386383057
3.459052324295044
5.009399890899658
4.499688386917114
4.268892049789429
5.020718812942505
4.287760257720947
3.9090678691864014
4.248386859893799
4.508364915847778
4.293611288070679
3.457981586456299
3.647014856338501
4.914890289306641
3.5141100883483887
3.7065329551696777

Promedio de tiempos:
4.185580587387085 segundos
4185.580587387085 milisegundos

Desviación estándar:
0.499067760118338 segundos
499.06776011833796 milisegundos
