Tiempos de ejecución en segundos de metaheurística con 50 repeticiones de 10 iteraciones y 20 hormigas:
0.9912340641021729
0.7818000316619873
0.5604565143585205
0.6373002529144287
0.5381841659545898
0.6649117469787598
0.7409060001373291
0.7409622669219971
0.6086304187774658
0.5968894958496094
0.6341073513031006
0.605079174041748
0.8191227912902832
0.7811052799224854
0.5585994720458984
0.6345500946044922
0.5610952377319336
0.6329765319824219
0.5392484664916992
0.5590887069702148
0.596400260925293
0.6085028648376465
0.5712964534759521
0.574554443359375
0.5381126403808594
0.5743923187255859
0.6204547882080078
0.6353256702423096
0.5992791652679443
0.5914638042449951
0.5933988094329834
0.7581033706665039
0.8226113319396973
0.7991147041320801
0.8355917930603027
0.6895318031311035
0.7735040187835693
0.6141157150268555
0.6788485050201416
0.685499906539917
0.5275247097015381
0.5554556846618652
0.542332649230957
0.660642147064209
0.5020267963409424
0.5076632499694824
0.5785808563232422
0.6140129566192627
0.5588955879211426
0.5069034099578857

Promedio de tiempos:
0.6380077695846558 segundos
638.0077695846558 milisegundos

Desviación estándar:
0.10298657052714878 segundos
102.98657052714879 milisegundos
