Tiempos de ejecución en segundos de metaheurística con 50 repeticiones de 40 iteraciones y 30 hormigas:
3.5244834423065186
3.688650608062744
4.04087233543396
3.0744316577911377
3.0631563663482666
4.000086784362793
2.9610681533813477
3.1422743797302246
3.0710530281066895
3.2387123107910156
3.3758981227874756
4.480730772018433
3.376406669616699
3.482306718826294
3.1036734580993652
3.3119864463806152
3.2240588665008545
2.8958375453948975
2.924708127975464
2.762220621109009
3.2066738605499268
3.3112571239471436
2.575533628463745
2.6633334159851074
3.0182061195373535
3.2769386768341064
3.180429220199585
3.494288682937622
2.8275551795959473
2.879805564880371
3.8711562156677246
3.390333652496338
3.3116672039031982
3.6560781002044678
3.8528337478637695
3.404390811920166
3.8006508350372314
3.6020994186401367
3.0863473415374756
3.0919463634490967
3.43080472946167
3.396995782852173
3.1901466846466064
3.4758267402648926
3.002873659133911
3.131695032119751
4.404284954071045
3.2125840187072754
3.0266239643096924
4.195970773696899

Promedio de tiempos:
3.334238958358765 segundos
3334.2389583587646 milisegundos

Desviación estándar:
0.4130790104672088 segundos
413.0790104672088 milisegundos
