Tiempos de ejecución en segundos de metaheurística con 50 repeticiones de 40 iteraciones y 70 hormigas:
6.232506513595581
7.022830486297607
5.960982322692871
6.11076545715332
6.784945011138916
7.394426107406616
6.909786224365234
6.09804630279541
6.501677751541138
6.352517127990723
6.518553972244263
7.687304258346558
6.94239354133606
7.0949177742004395
8.501389503479004
7.455218076705933
7.709579944610596
7.503729820251465
6.583074331283569
6.187336206436157
6.418932914733887
5.785034656524658
5.973762035369873
8.011749505996704
6.396897077560425
5.836260795593262
6.3710854053497314
5.971384525299072
6.280834197998047
6.53319525718689
6.3565099239349365
5.926233768463135
7.91535210609436
6.897740840911865
6.576343536376953
6.34081506729126
6.2712929248809814
6.957496643066406
7.818827390670776
5.962270975112915
7.029878616333008
7.7086262702941895
6.181004524230957
7.350796461105347
6.306501150131226
7.7786407470703125
6.460476398468018
6.653697729110718
6.558850526809692
6.365210056304932

Promedio de tiempos:
6.73095365524292 segundos
6730.95365524292 milisegundos

Desviación estándar:
0.6603108916923927 segundos
660.3108916923926 milisegundos
