Tiempos de ejecución en segundos de metaheurística con 50 repeticiones de 50 iteraciones y 40 hormigas:
2.878948450088501
2.638841390609741
2.6232309341430664
2.9257118701934814
3.3269975185394287
2.991004228591919
4.169506311416626
3.8000497817993164
2.6942124366760254
3.1050021648406982
2.661762237548828
2.8028273582458496
3.0341124534606934
3.8086063861846924
2.6795310974121094
3.2935895919799805
2.9703667163848877
3.5671820640563965
2.9226438999176025
2.741713523864746
2.5404725074768066
3.6711740493774414
2.8855957984924316
3.2536747455596924
3.09124755859375
3.3234171867370605
3.154238700866699
3.162968397140503
3.1528265476226807
2.6954362392425537
2.695758581161499
3.341529369354248
2.9703361988067627
3.364924669265747
3.1227595806121826
3.2719264030456543
2.853733539581299
2.4432437419891357
2.7687292098999023
2.994328737258911
2.727170944213867
2.7381415367126465
3.071416139602661
3.4347116947174072
4.288542985916138
2.4048564434051514
3.0172576904296875
2.7988646030426025
2.6810474395751953
2.3488354682922363

Promedio de tiempos:
3.038100142478943 segundos
3038.100142478943 milisegundos

Desviación estándar:
0.4143801371815561 segundos
414.3801371815561 milisegundos
