Tiempos de ejecución en segundos de metaheurística con 50 repeticiones de 60 iteraciones y 70 hormigas:
4.1266748905181885
4.943816184997559
4.4549314975738525
3.981555700302124
4.279340505599976
3.9546990394592285
4.048894643783569
4.268795967102051
5.098822593688965
5.821777105331421
4.334957122802734
4.191218614578247
4.473714590072632
4.790416955947876
5.2069432735443115
4.44999623298645
4.313952922821045
4.009437084197998
3.8837926387786865
4.07774806022644
4.121940612792969
4.301769018173218
4.048981666564941
4.137213230133057
3.933077096939087
3.8689942359924316
3.924586057662964
4.065594911575317
4.0808234214782715
4.033663034439087
4.344676971435547
4.180878639221191
4.196608781814575
4.082794904708862
4.123489618301392
4.296737194061279
4.044057369232178
4.210503101348877
4.036134481430054
4.217947244644165
4.018917560577393
4.005578994750977
4.663883209228516
4.237059593200684
4.991698503494263
4.16697883605957
4.56223726272583
4.396810293197632
4.2480528354644775
4.117557764053345

Promedio de tiempos:
4.28741464138031 segundos
4287.41464138031 milisegundos

Desviación estándar:
0.37575441704307744 segundos
375.7544170430774 milisegundos
