Tiempos de ejecución en segundos de metaheurística con 50 repeticiones de 40 iteraciones y 50 hormigas:
4.957634449005127
7.038602352142334
6.012349843978882
6.802568197250366
6.421777725219727
5.2367072105407715
5.38656210899353
5.747420072555542
6.138030767440796
5.3676064014434814
6.466710090637207
6.121808052062988
5.321047306060791
4.997704267501831
4.1883790493011475
4.550918817520142
6.063685417175293
6.789591312408447
5.918310642242432
5.440008640289307
4.6938416957855225
7.301059722900391
7.930327892303467
5.878330945968628
6.722704172134399
6.859786510467529
6.484791278839111
6.5645482540130615
4.339510917663574
4.220509767532349
4.478562355041504
4.397880554199219
5.308758735656738
5.110246896743774
4.28726053237915
5.058468818664551
4.967715740203857
4.457606315612793
4.202344655990601
4.93056845664978
5.265211820602417
4.641199350357056
5.053844451904297
5.361289978027344
6.656859636306763
5.0654284954071045
5.286913633346558
5.3296544551849365
5.108172178268433
4.953507661819458

Promedio de tiempos:
5.51768657207489 segundos
5517.68657207489 milisegundos

Desviación estándar:
0.9092625745668897 segundos
909.2625745668897 milisegundos
