Tiempos de ejecución en segundos de metaheurística con 50 repeticiones de 50 iteraciones y 20 hormigas:
2.74381160736084
2.34378981590271
2.2923026084899902
2.243461847305298
2.3342161178588867
2.3571958541870117
2.312549591064453
2.4123239517211914
2.209787130355835
2.1971938610076904
2.394094228744507
2.227126121520996
2.2087066173553467
2.190636396408081
2.3531408309936523
2.6797332763671875
2.390228748321533
2.999565839767456
2.5172462463378906
2.2926716804504395
2.217419385910034
2.25732421875
2.5199244022369385
2.544131278991699
2.3231422901153564
2.3021082878112793
1.9827804565429688
2.7202203273773193
2.1089797019958496
1.8700201511383057
2.343214511871338
2.272367238998413
2.336012363433838
2.17665696144104
2.2525315284729004
2.1067299842834473
2.16690993309021
2.211902379989624
2.2272417545318604
2.132675886154175
2.1985373497009277
2.1750783920288086
2.2658166885375977
2.04982328414917
2.0874288082122803
2.1317496299743652
2.3240737915039062
2.176698684692383
1.979508399963379
2.093981981277466

Promedio de tiempos:
2.2850954484939576 segundos
2285.0954484939575 milisegundos

Desviación estándar:
0.20052734008349135 segundos
200.52734008349134 milisegundos
