Tiempos de ejecución en segundos de metaheurística con 50 repeticiones de 10 iteraciones y 40 hormigas:
1.1411700248718262
1.1076555252075195
1.5752239227294922
1.4384143352508545
1.6020352840423584
1.2816104888916016
1.0873944759368896
1.1680779457092285
1.3204739093780518
1.1757690906524658
1.0696220397949219
1.0424885749816895
1.1922402381896973
1.3041930198669434
1.194237232208252
1.0506618022918701
1.136031150817871
1.3515982627868652
1.4083716869354248
0.9917173385620117
1.1575067043304443
1.7087559700012207
1.3137733936309814
1.0154881477355957
1.2032217979431152
1.0339038372039795
1.0803983211517334
1.0052990913391113
1.0320425033569336
1.1676514148712158
1.1195127964019775
1.253814697265625
0.9439868927001953
1.2506144046783447
0.9750242233276367
1.20263671875
1.342461347579956
1.0651755332946777
0.9468598365783691
1.0249745845794678
1.2286739349365234
1.1218373775482178
1.475696086883545
1.2067091464996338
1.0773417949676514
0.8759181499481201
0.9958925247192383
0.955136775970459
1.0587985515594482
0.9504516124725342

Promedio de tiempos:
1.1685708904266356 segundos
1168.5708904266357 milisegundos

Desviación estándar:
0.17950659252768664 segundos
179.50659252768665 milisegundos
