Tiempos de ejecución en segundos de metaheurística con 50 repeticiones de 30 iteraciones y 90 hormigas:
5.578698396682739
5.77263331413269
5.331226110458374
5.616163492202759
5.385394096374512
7.048492193222046
6.318216800689697
7.057918310165405
5.6128668785095215
6.08975625038147
10.106364488601685
9.65191125869751
9.153103828430176
8.816991806030273
6.630258321762085
9.780936479568481
8.414933681488037
10.087567567825317
8.887437582015991
6.868276834487915
6.6527416706085205
7.713919401168823
10.71928858757019
8.166527509689331
8.991312503814697
9.082921028137207
8.244223356246948
7.8886682987213135
6.986513376235962
8.891741514205933
8.587563753128052
8.243834018707275
8.208301544189453
7.594432830810547
8.12105417251587
8.67128324508667
7.042121648788452
8.617542266845703
8.464927673339844
7.749521017074585
5.95034646987915
6.740505933761597
6.979207277297974
7.523309707641602
7.676672458648682
6.705901861190796
6.19832444190979
6.250154972076416
7.111273765563965
6.5118067264556885

Promedio de tiempos:
7.609901814460755 segundos
7609.901814460754 milisegundos

Desviación estándar:
1.3550432415068119 segundos
1355.043241506812 milisegundos
