Tiempos de ejecución en segundos de metaheurística con 50 repeticiones de 50 iteraciones y 80 hormigas:
3.5768094062805176
3.6453230381011963
3.4987456798553467
3.432772397994995
3.455714464187622
3.701352596282959
3.581646680831909
3.5158708095550537
4.137881278991699
6.203603982925415
4.80401611328125
4.055083751678467
3.8820245265960693
4.582613468170166
6.404203176498413
5.129817008972168
4.6891632080078125
3.988940477371216
4.050161600112915
3.7690279483795166
3.9335646629333496
4.254312992095947
7.002288341522217
5.136463642120361
4.141127109527588
4.30293869972229
4.188272714614868
3.8286325931549072
3.895556926727295
3.786530017852783
3.9924771785736084
3.893444061279297
4.352492332458496
3.6730363368988037
3.590684175491333
3.631436347961426
3.6274824142456055
3.6414296627044678
3.5973172187805176
3.6773838996887207
4.505772829055786
4.956259250640869
4.336636543273926
5.170055150985718
4.334250450134277
3.9897561073303223
4.708880662918091
5.437057256698608
4.340096473693848
8.057042598724365

Promedio de tiempos:
4.321749005317688 segundos
4321.749005317688 milisegundos

Desviación estándar:
0.9333395165444741 segundos
933.3395165444741 milisegundos
