Tiempos de ejecución en segundos de metaheurística con 50 repeticiones de 10 iteraciones y 60 hormigas:
1.4835169315338135
1.4709899425506592
1.4290883541107178
1.5434253215789795
1.3237924575805664
1.28483247756958
1.4156737327575684
1.5175530910491943
1.3605740070343018
1.3960018157958984
1.4747951030731201
1.464214563369751
1.37734055519104
1.3313591480255127
1.2803809642791748
1.5224840641021729
1.5224699974060059
1.5598595142364502
1.526055097579956
1.392725944519043
1.442263126373291
1.5518214702606201
1.4612116813659668
1.34840989112854
1.5423502922058105
1.379246711730957
1.510664701461792
1.4473800659179688
1.4603033065795898
2.0184106826782227
2.0918521881103516
2.030555486679077
1.3770077228546143
1.4456455707550049
1.3334412574768066
1.3692898750305176
1.3317766189575195
1.5064492225646973
1.4645922183990479
1.3674342632293701
1.3310847282409668
1.4194972515106201
1.4476523399353027
1.4399960041046143
1.252145767211914
1.3733856678009033
1.4183509349822998
1.2663488388061523
1.4262475967407227
1.4177005290985107

Promedio de tiempos:
1.4589929819107055 segundos
1458.9929819107056 milisegundos

Desviación estándar:
0.167547744475096 segundos
167.54774447509598 milisegundos
