Tiempos de ejecución en segundos de metaheurística con 50 repeticiones de 30 iteraciones y 80 hormigas:
6.607696056365967
5.1432905197143555
4.7073118686676025
5.22424840927124
4.853522777557373
4.917074918746948
5.189402103424072
5.156057834625244
5.2879743576049805
4.957782506942749
5.127009630203247
5.53957724571228
5.876114845275879
5.108125925064087
5.139868974685669
5.120993137359619
5.219604969024658
5.187889337539673
5.208099603652954
5.314452409744263
5.1463234424591064
5.235030651092529
5.045211315155029
6.609210968017578
4.932323694229126
5.0121870040893555
4.7337939739227295
5.22593355178833
5.213135480880737
4.715152978897095
4.731566905975342
5.087979555130005
5.118553400039673
4.829561471939087
5.480849981307983
5.903446197509766
4.985361814498901
4.785097122192383
5.397810697555542
5.318491220474243
5.106667995452881
4.9424779415130615
4.976645231246948
4.726233720779419
4.901065111160278
4.974469423294067
5.8564348220825195
5.6582350730896
5.213658094406128
4.467615842819214

Promedio de tiempos:
5.1843324422836305 segundos
5184.33244228363 milisegundos

Desviación estándar:
0.41367420495353385 segundos
413.67420495353383 milisegundos
