Tiempos de ejecución en segundos de metaheurística con 50 repeticiones de 60 iteraciones y 40 hormigas:
3.026841163635254
3.3160719871520996
2.8899388313293457
3.1628410816192627
3.9387047290802
3.2909765243530273
2.274524211883545
2.2337703704833984
2.2350504398345947
2.235745668411255
2.255463123321533
2.308830738067627
2.5149455070495605
2.977620840072632
3.053008556365967
2.464984893798828
2.717536687850952
2.4686713218688965
2.4325029850006104
2.449692487716675
2.540794849395752
2.360844612121582
2.296066999435425
2.1866354942321777
2.1840319633483887
2.229349374771118
2.2624669075012207
2.214975357055664
2.3198938369750977
2.5081093311309814
2.22764253616333
2.2091188430786133
2.407191753387451
2.6231167316436768
2.3826892375946045
2.979820489883423
3.1716184616088867
2.2752552032470703
2.320936441421509
2.877053737640381
2.258411169052124
2.2026145458221436
2.2004427909851074
3.941772222518921
5.334815740585327
7.623005390167236
9.698125123977661
9.035908460617065
6.484657049179077
5.776185989379883

Promedio de tiempos:
3.147625455856323 segundos
3147.6254558563232 milisegundos

Desviación estándar:
1.6944227800468983 segundos
1694.4227800468982 milisegundos
