Tiempos de ejecución en segundos de metaheurística con 50 repeticiones de 10 iteraciones y 30 hormigas:
0.7735798358917236
0.7622852325439453
0.8894138336181641
0.7646079063415527
0.808281660079956
0.7486765384674072
0.7955284118652344
0.8586280345916748
0.7730579376220703
0.785663366317749
0.8571929931640625
0.8639957904815674
0.7265970706939697
0.7874701023101807
0.7793200016021729
0.797999382019043
0.7595992088317871
0.8044202327728271
0.7218606472015381
0.8036057949066162
0.9383563995361328
0.7599759101867676
0.7555372714996338
0.9345645904541016
0.8381478786468506
1.0016379356384277
0.8450419902801514
0.9631564617156982
0.9062230587005615
1.0606143474578857
1.0673151016235352
1.5424845218658447
1.1165966987609863
0.9882819652557373
1.0676393508911133
0.9427742958068848
0.895437479019165
0.865715742111206
0.9498093128204346
0.9482409954071045
1.339524269104004
0.8924472332000732
0.9610919952392578
1.2203905582427979
1.0196242332458496
0.9686658382415771
0.9565389156341553
0.8252406120300293
0.8814315795898438
0.9831945896148682

Promedio de tiempos:
0.9059497022628784 segundos
905.9497022628784 milisegundos

Desviación estándar:
0.15631456995098492 segundos
156.31456995098492 milisegundos
