Tiempos de ejecución en segundos de metaheurística con 50 repeticiones de 50 iteraciones y 90 hormigas:
11.53363585472107
7.036180019378662
4.768497943878174
5.3676488399505615
4.812865734100342
4.5095438957214355
5.148808002471924
4.941500186920166
4.640352725982666
4.357560157775879
4.291157245635986
4.7231690883636475
5.103839159011841
5.1867547035217285
4.375351667404175
4.993634223937988
4.281399965286255
4.627161502838135
6.088127851486206
6.216419696807861
5.029126882553101
7.896036386489868
4.962876319885254
5.036406993865967
8.782061338424683
6.423620223999023
6.287204265594482
6.739809036254883
7.040666103363037
6.124866724014282
4.924673557281494
4.50376296043396
4.339346647262573
4.439789533615112
4.482768297195435
4.229567050933838
4.40416407585144
4.625171422958374
4.276898384094238
4.50091814994812
4.347441673278809
4.551710844039917
4.477284669876099
4.39248251914978
4.337018728256226
4.576949119567871
4.412238836288452
4.399889707565308
4.455826759338379
5.104933500289917

Promedio de tiempos:
5.222182383537293 segundos
5222.1823835372925 milisegundos

Desviación estándar:
1.3460913563463626 segundos
1346.0913563463625 milisegundos
