Tiempos de ejecución en segundos de metaheurística con 50 repeticiones de 20 iteraciones y 30 hormigas:
1.481041431427002
1.413820505142212
1.21490478515625
1.324927806854248
1.302690029144287
1.602484941482544
1.6081461906433105
1.4856743812561035
1.6141645908355713
1.4902338981628418
1.5898959636688232
1.6280882358551025
1.5799319744110107
1.4647562503814697
1.3799629211425781
1.6768794059753418
1.781104564666748
1.5939266681671143
1.7170095443725586
1.540381908416748
1.6703190803527832
1.6026692390441895
1.714782953262329
1.4499216079711914
1.4716236591339111
2.3726139068603516
2.1922531127929688
1.9511022567749023
1.9553966522216797
1.688966989517212
1.7665858268737793
2.1100282669067383
1.7596120834350586
1.4750924110412598
1.8364872932434082
2.1302459239959717
1.5313844680786133
1.49271559715271
1.5590002536773682
1.6792266368865967
1.8589322566986084
1.497021198272705
1.8568577766418457
2.2194323539733887
1.9130091667175293
1.7853422164916992
1.7673583030700684
1.7675361633300781
2.352717399597168
1.9211113452911377

Promedio de tiempos:
1.6967874479293823 segundos
1696.7874479293823 milisegundos

Desviación estándar:
0.2600049697710826 segundos
260.00496977108264 milisegundos
