Tiempos de ejecución en segundos de metaheurística con 50 repeticiones de 40 iteraciones y 10 hormigas:
1.0405642986297607
1.1052742004394531
1.21384859085083
1.2919087409973145
1.0593106746673584
1.0411386489868164
1.072477102279663
0.8737461566925049
0.9531772136688232
1.0220692157745361
1.0185348987579346
1.0339231491088867
1.111647367477417
1.0471479892730713
1.2254877090454102
1.114091157913208
1.156142234802246
1.101320505142212
1.1453282833099365
1.1428320407867432
1.5339024066925049
1.6685221195220947
1.9694793224334717
1.0798678398132324
1.3039937019348145
1.0824809074401855
1.4066061973571777
1.5402007102966309
1.261277198791504
1.4778621196746826
1.1515040397644043
1.023031234741211
1.0749123096466064
1.0855581760406494
0.9901466369628906
1.0154032707214355
0.979543924331665
1.1485953330993652
1.051224708557129
1.059401512145996
1.097825050354004
0.9535455703735352
1.027578353881836
1.1737518310546875
1.0584495067596436
1.0893213748931885
1.0961687564849854
0.9712944030761719
0.9961066246032715
1.0427920818328857

Promedio de tiempos:
1.1436063480377197 segundos
1143.6063480377197 milisegundos

Desviación estándar:
0.19801209220904764 segundos
198.01209220904764 milisegundos
