Tiempos de ejecución y valor de la función objetivo de metaheurística con 50 repeticiones de 20 iteraciones y 30 hormigas:

(Tiempo de ejecución, Valor función objetivo)
(0.6249995231628418, 22.0650787177045)
(0.6250054836273193, 22.323467862494695)
(0.6250007152557373, 22.065906934522417)
(0.6406207084655762, 22.433177421776282)
(0.6418490409851074, 21.93945524171398)
(0.6250028610229492, 22.24816563611548)
(0.6249992847442627, 22.786877653701715)
(0.6250007152557373, 22.28170835650778)
(0.6406245231628418, 22.68555924768151)
(0.6250004768371582, 22.716771936789435)
(0.6406214237213135, 22.2039117325978)
(0.6406285762786865, 22.438763314489265)
(0.6406183242797852, 22.31410264775665)
(0.625007152557373, 22.239445747302284)
(0.6875004768371582, 22.513021390385127)
(0.6249961853027344, 22.122216070589964)
(0.6249964237213135, 22.633326122278476)
(0.6250002384185791, 22.078092942130592)
(0.6249957084655762, 22.72992086303522)
(0.6250002384185791, 22.70748372191484)
(0.626197338104248, 22.157100606230166)
(0.6562461853027344, 20.58235802828095)
(0.6249997615814209, 22.34613150525988)
(0.6406240463256836, 22.536878466928968)
(0.6406264305114746, 22.447073838067034)
(0.6406240463256836, 22.373346588759752)
(0.6249964237213135, 22.421921389044257)
(0.6249969005584717, 22.317064043495233)
(0.640629768371582, 22.295029710521696)
(0.6406247615814209, 21.804351492013396)
(0.6406252384185791, 22.333058214982064)
(0.6406207084655762, 22.794768840921233)
(0.6406280994415283, 22.422482027030647)
(0.6406257152557373, 22.241727137055662)
(0.6406209468841553, 22.323243687081778)
(0.640625, 22.228066812534408)
(0.6418559551239014, 22.5665873135937)
(0.6249954700469971, 21.837440223101588)
(0.6249988079071045, 21.979202680427314)
(0.6250007152557373, 22.53433264967133)
(0.65625, 21.823006057121944)
(0.6250002384185791, 21.94342129881615)
(0.6249997615814209, 22.50342878215618)
(0.6249971389770508, 22.364296588500395)
(0.6250004768371582, 22.20622279432373)
(0.6249995231628418, 22.46102206569071)
(0.6249997615814209, 22.25377860835023)
(0.6406214237213135, 22.082852520398067)
(0.6406245231628418, 22.403430083747736)
(0.6250016689300537, 22.464491307632255)

Promedio de tiempos:
0.6338224983215333 segundos
633.8224983215332 milisegundos

Desviación estándar:
0.011773579975445682 segundos
11.773579975445681 milisegundos

Promedio valor función objetivo:
22.291491378464528
Desviación estándar valor función objetivo:
0.011773579975445682