Tiempos de ejecución y valor de la función objetivo de metaheurística con 50 repeticiones de 10 iteraciones y 30 hormigas:

(Tiempo de ejecución, Valor función objetivo)
(0.343747615814209, 22.69597621141766)
(0.3594083786010742, 22.124644937912052)
(0.3437478542327881, 22.108074112300383)
(0.3437504768371582, 22.020691976374753)
(0.34374523162841797, 22.47335951299311)
(0.3437497615814209, 22.160271171967956)
(0.3437492847442627, 22.3790354166623)
(0.34394288063049316, 22.378138003741306)
(0.34355878829956055, 22.12228481251159)
(0.3593573570251465, 22.233226567592247)
(0.34377026557922363, 22.17526212389292)
(0.3437509536743164, 22.091523815023162)
(0.3593876361846924, 22.089869339901444)
(0.3437216281890869, 22.07295993268599)
(0.3437511920928955, 22.3597385459471)
(0.343703031539917, 22.268031997306927)
(0.34375786781311035, 22.161639257178464)
(0.3437495231628418, 22.494175799130097)
(0.3437952995300293, 22.430635245302817)
(0.3437771797180176, 22.22872665406257)
(0.3437633514404297, 22.56599972409988)
(0.34380483627319336, 22.487194126357004)
(0.3438851833343506, 22.31839835052054)
(0.3435695171356201, 22.56562379988594)
(0.343747615814209, 20.544000031586833)
(0.3437497615814209, 22.21805407861966)
(0.3437533378601074, 22.75618623070821)
(0.34374380111694336, 22.513924489589336)
(0.34376001358032227, 22.73760310665907)
(0.35939621925354004, 22.738366467208774)
(0.3437502384185791, 22.341841390006458)
(0.3437521457672119, 22.18682745405569)
(0.3437485694885254, 22.410891964465687)
(0.3437213897705078, 21.81232132908868)
(0.3438105583190918, 22.33107973572772)
(0.34372687339782715, 22.19204196853162)
(0.3437480926513672, 22.541952229109604)
(0.42183876037597656, 20.439287544844863)
(0.34380483627319336, 22.73503038274038)
(0.35936975479125977, 22.404140481222058)
(0.34366655349731445, 22.52098555818152)
(0.3437528610229492, 22.032798925797742)
(0.34376025199890137, 22.604180171124707)
(0.3437507152557373, 22.42560100659732)
(0.3593733310699463, 22.344848322860177)
(0.3437507152557373, 22.30643730493921)
(0.34329986572265625, 22.53798785399566)
(0.3281219005584717, 22.48109926460784)
(0.3437516689300537, 22.08780711730604)
(0.3473358154296875, 22.05676582999063)

Promedio de tiempos:
0.3469386148452759 segundos
346.9386148452759 milisegundos

Desviación estándar:
0.012093897886039057 segundos
12.093897886039057 milisegundos

Promedio valor función objetivo:
22.266150833486673
Desviación estándar valor función objetivo:
0.012093897886039057