Tiempos de ejecución y valor de la función objetivo de metaheurística con 50 repeticiones de 80 iteraciones y 60 hormigas:

(Tiempo de ejecución, Valor función objetivo)
(4.531249761581421, 22.239795956435724)
(4.59375, 22.577698895424415)
(4.532428503036499, 22.12904481956043)
(4.547626495361328, 22.501105142583526)
(4.546877145767212, 22.47232365493117)
(4.546874284744263, 22.450007632507056)
(4.5781261920928955, 22.433405195806316)
(4.563647270202637, 22.434629480212042)
(4.531249761581421, 22.30163085770875)
(4.548027753829956, 22.0867100316477)
(4.531246900558472, 22.21383911407)
(4.532400131225586, 22.30967019963542)
(4.500000238418579, 21.93470362393358)
(4.548032522201538, 22.66354380038226)
(4.546878814697266, 22.134045648008055)
(4.562498569488525, 22.32145977578343)
(4.56367039680481, 22.000799284430443)
(4.640620946884155, 22.3056981172183)
(4.546875715255737, 22.327112013050325)
(4.5632710456848145, 22.381945717816134)
(4.546877861022949, 22.383020101789693)
(4.563657999038696, 22.319058689195522)
(4.625002145767212, 22.57439523213269)
(4.688669681549072, 22.401084206668518)
(4.531250238418579, 22.326006661885682)
(4.501237869262695, 22.213997453851572)
(4.515625, 21.990196578879868)
(4.499994516372681, 22.134621207580167)
(4.59375, 22.424631894401948)
(4.532406568527222, 22.566138475792016)
(4.546869993209839, 21.98003670390267)
(4.548023700714111, 22.34422918490768)
(4.546874284744263, 22.44426263573573)
(4.594904184341431, 22.344132535932726)
(4.544471979141235, 22.217947568980982)
(4.550025224685669, 22.08423586212995)
(4.531245470046997, 22.140483540196428)
(4.546874523162842, 22.503791196521334)
(4.562499523162842, 22.270187487993528)
(4.594964027404785, 22.097810115647253)
(4.703124523162842, 22.180356320897335)
(4.546874761581421, 22.352591635346826)
(4.65625, 21.110188226758037)
(4.5468761920928955, 22.42595967730451)
(4.594904661178589, 22.460228029624247)
(4.531249523162842, 22.106075449952602)
(4.53239107131958, 22.196051573002812)
(4.640625715255737, 20.68521636341843)
(4.640624761581421, 20.96852108145211)
(4.532413721084595, 22.56665930513336)

Promedio de tiempos:
4.562918243408203 segundos
4562.918243408203 milisegundos

Desviación estándar:
0.044714487692347586 segundos
44.71448769234759 milisegundos

Promedio valor función objetivo:
22.220625679163227
Desviación estándar valor función objetivo:
0.37258413196513734