Tiempos de ejecución y valor de la función objetivo de metaheurística con 50 repeticiones de 50 iteraciones y 90 hormigas:

(Tiempo de ejecución, Valor función objetivo)
(4.203122854232788, 21.950910597785757)
(4.203122854232788, 22.28262593817786)
(4.219914197921753, 22.146748190528587)
(4.171874523162842, 22.332018806507687)
(4.1718690395355225, 22.513677689122627)
(4.188655853271484, 22.365343496301797)
(4.187500476837158, 23.02530128637955)
(4.188675403594971, 22.194103653246017)
(4.281250715255737, 20.918365770302522)
(4.26549768447876, 22.47818382805847)
(4.203145980834961, 21.912931988022454)
(4.187451124191284, 22.53574510248138)
(4.190670013427734, 22.494757991021427)
(4.140629768371582, 21.644834612633645)
(4.34375262260437, 22.549955337170413)
(4.203883409500122, 22.41186966692466)
(4.296873331069946, 22.145274114240717)
(4.218749761581421, 22.765776615521407)
(4.17305064201355, 22.12463503552208)
(4.14061975479126, 22.319413907906323)
(4.188668966293335, 22.818997965303787)
(4.281250476837158, 20.709397949979124)
(4.251140832901001, 22.385435025968572)
(4.171879529953003, 22.69901807395755)
(4.171874523162842, 22.34596565474278)
(4.188654184341431, 22.467115522784056)
(4.1874964237213135, 22.129461278258404)
(4.157412528991699, 22.187668137929368)
(4.1875, 22.247416962584893)
(4.234375238418579, 22.45748770274039)
(4.203119993209839, 22.256685513371806)
(4.156247854232788, 22.481228460688342)
(4.268852472305298, 20.831824900904007)
(4.204278469085693, 22.83197304871791)
(4.1875, 22.479658643012204)
(4.188657522201538, 22.402422309803004)
(4.249999761581421, 22.708971404374694)
(4.187500715255737, 22.256334741593314)
(4.18866491317749, 22.480403046018232)
(4.187496185302734, 22.440566079844068)
(4.110535383224487, 21.906955030431394)
(4.171870470046997, 22.639248286084058)
(4.171875238418579, 22.22692651933711)
(4.2355101108551025, 22.266015915411376)
(4.187505006790161, 22.295587040776123)
(4.141760587692261, 21.978149802581964)
(4.187500238418579, 22.674562352095265)
(4.156251430511475, 22.71354647983079)
(4.168449878692627, 22.237628153389394)
(4.176037073135376, 22.76465014335657)

Promedio de tiempos:
4.198603520393371 segundos
4198.603520393372 milisegundos

Desviación estándar:
0.04334994564294235 segundos
43.34994564294235 milisegundos

Promedio valor función objetivo:
22.28867551547452
Desviación estándar valor función objetivo:
0.4560960702425367