Tiempos de ejecución y valor de la función objetivo de metaheurística con 50 repeticiones de 30 iteraciones y 50 hormigas:

(Tiempo de ejecución, Valor función objetivo)
(1.4687480926513672, 22.093345203255943)
(1.4687540531158447, 22.437135265555234)
(1.4542181491851807, 22.314749743922302)
(1.4531269073486328, 22.571509700551843)
(1.5312483310699463, 22.217770746191935)
(1.468749761581421, 22.18354431473564)
(1.468745231628418, 22.595766717879446)
(1.4687459468841553, 22.334113413027676)
(1.4749507904052734, 22.55210893424884)
(1.468747854232788, 22.258340596697437)
(1.4687535762786865, 22.643959680363118)
(1.4687511920928955, 22.379939322155806)
(1.4687485694885254, 21.46016331096412)
(1.4687504768371582, 22.46819799670107)
(1.4687466621398926, 22.37283812256124)
(1.4687516689300537, 22.29986918780944)
(1.484375, 22.20833663093429)
(1.4687473773956299, 22.07396127958318)
(1.531247854232788, 21.906196029936353)
(1.4687483310699463, 22.593455042240397)
(1.4687492847442627, 22.62966472376717)
(1.4687447547912598, 22.14953669982096)
(1.4687554836273193, 22.68123266654184)
(1.4687457084655762, 22.443428398051974)
(1.468754768371582, 22.975322192144073)
(1.4687492847442627, 22.689561642249004)
(1.4542906284332275, 22.299646246198115)
(1.4687504768371582, 22.034282301045447)
(1.4687492847442627, 22.016318747452267)
(1.4687457084655762, 22.473689813075584)
(1.4687530994415283, 22.61497421155995)
(1.4687504768371582, 22.476222136358906)
(1.4687464237213135, 22.57590424455459)
(1.5480327606201172, 22.093083047890207)
(1.4531292915344238, 22.35707190278871)
(1.5, 20.654347476588057)
(1.453124761581421, 22.23583250532268)
(1.4843745231628418, 22.54487208634986)
(1.4687504768371582, 22.503342766427313)
(1.4687507152557373, 22.28044783689328)
(1.4699172973632812, 22.157067213409075)
(1.4687480926513672, 22.4894128670473)
(1.4687526226043701, 22.324900784976307)
(1.4531245231628418, 22.227149951257086)
(1.468749761581421, 22.531300812400755)
(1.468745231628418, 22.6021588193185)
(1.4687550067901611, 22.279304337645243)
(1.4542813301086426, 22.60030177677448)
(1.515625238418579, 21.825156673028673)
(1.4687504768371582, 22.306166697473834)

Promedio de tiempos:
1.4730510663986207 segundos
1473.0510663986206 milisegundos

Desviación estándar:
0.01922536443900743 segundos
19.22536443900743 milisegundos

Promedio valor función objetivo:
22.32074005635453
Desviación estándar valor función objetivo:
0.01922536443900743