Tiempos de ejecución y valor de la función objetivo de metaheurística con 50 repeticiones de 30 iteraciones y 70 hormigas:

(Tiempo de ejecución, Valor función objetivo)
(2.015625238418579, 22.153111587678033)
(2.001152753829956, 22.126185720717267)
(2.0, 22.594994489708426)
(2.0, 22.493758018927075)
(2.000000476837158, 21.99246714758846)
(2.0468764305114746, 20.638612621789616)
(2.0167973041534424, 22.231218419864128)
(2.0434787273406982, 20.87304906220309)
(2.015625238418579, 22.13868723408116)
(2.000000238418579, 22.472537268305153)
(1.9999971389770508, 22.801141969076543)
(2.0011534690856934, 22.417689870781913)
(1.999999761581421, 22.517608163885402)
(1.984374761581421, 22.020662821319704)
(2.0000007152557373, 22.407580581868917)
(1.9999957084655762, 22.45233347551804)
(2.048036813735962, 22.07117246666192)
(1.9843759536743164, 22.225054516727162)
(2.0000016689300537, 22.39904121004826)
(2.0312461853027344, 22.535249610443994)
(1.9999995231628418, 22.03416280324422)
(1.985530138015747, 22.287289150928974)
(2.0468742847442627, 20.422245756656263)
(1.9999961853027344, 21.600228223749887)
(2.0000040531158447, 22.20525743392679)
(1.999995231628418, 22.135125116450542)
(2.0012006759643555, 21.89828015411464)
(2.0156233310699463, 22.574548353886804)
(2.0000016689300537, 22.46951212369926)
(1.9925849437713623, 22.2997406974058)
(1.999995231628418, 22.470334699261045)
(1.9928042888641357, 22.15163359173019)
(1.999999761581421, 22.05806513263794)
(1.9843711853027344, 22.21642717966143)
(1.9999995231628418, 22.923950251412023)
(1.9999964237213135, 22.117545848959566)
(1.9999990463256836, 22.27758165119481)
(2.046875476837158, 20.476083733481012)
(2.0011513233184814, 22.688646090484347)
(1.9999985694885254, 22.24157379651441)
(2.0000016689300537, 22.33412664702147)
(2.0312492847442627, 22.30727290233339)
(2.000000476837158, 22.22259926248924)
(2.001150131225586, 22.283839192826168)
(2.000000238418579, 22.270602448093413)
(1.9999990463256836, 22.635531260378585)
(2.000000476837158, 22.399463948803948)
(2.0000014305114746, 22.32140292775538)
(1.9999985694885254, 21.938435480357224)
(1.999997615814209, 22.527545642833005)

Promedio de tiempos:
2.0057627677917482 segundos
2005.7627677917483 milisegundos

Desviación estándar:
0.016218601400166795 segundos
16.218601400166794 milisegundos

Promedio valor función objetivo:
22.16702415518972
Desviación estándar valor función objetivo:
0.016218601400166795