Tiempos de ejecución y valor de la función objetivo de metaheurística con 50 repeticiones de 10 iteraciones y 80 hormigas:

(Tiempo de ejecución, Valor función objetivo)
(0.7812502384185791, 22.294052263772404)
(0.8125004768371582, 20.676156508615044)
(0.796875, 22.226961899100107)
(0.8750009536743164, 20.75276530386286)
(0.7968697547912598, 22.341190465837208)
(0.7968752384185791, 22.332717095354983)
(0.7980504035949707, 22.211804460760504)
(0.7812502384185791, 22.231726195067818)
(0.7968752384185791, 22.310496310146295)
(0.7968735694885254, 22.304362326982524)
(0.7968764305114746, 22.356576633551807)
(0.796875, 22.461389917765562)
(0.7968754768371582, 22.46141344256067)
(0.796870231628418, 22.31254196664413)
(0.781254768371582, 22.767655436748534)
(0.7968759536743164, 22.64734414088377)
(0.796870231628418, 22.36355253979752)
(0.7968795299530029, 22.34055051353689)
(0.7824544906616211, 22.37276265214743)
(0.7924199104309082, 22.606357208728298)
(0.7812471389770508, 22.278569970690775)
(0.7812502384185791, 22.506462025095917)
(0.7968704700469971, 22.182109266183)
(0.7812545299530029, 21.92323273010827)
(0.7812438011169434, 21.86271399145767)
(0.7983779907226562, 21.949801280182925)
(0.7968697547912598, 22.133268797203016)
(0.7968757152557373, 22.597437056925454)
(0.796879768371582, 22.49541815363818)
(0.7968742847442627, 22.348565985876178)
(0.7968752384185791, 22.448551874196053)
(0.7968747615814209, 22.582112183846544)
(0.7968714237213135, 22.79973260921266)
(0.7812461853027344, 22.478174695919243)
(0.7812480926513672, 22.57736643484483)
(0.7812464237213135, 22.07557627326358)
(0.7812514305114746, 22.530584952517533)
(0.7968738079071045, 22.510523179694896)
(0.781252384185791, 21.97762272962444)
(0.7968714237213135, 22.241236656633728)
(0.7812540531158447, 22.032602830916737)
(0.7968761920928955, 22.41650221503313)
(0.7812483310699463, 22.448354111313108)
(0.8136534690856934, 20.351639525024122)
(0.7968795299530029, 22.2334358529183)
(0.7812495231628418, 22.423838220722416)
(0.7812488079071045, 22.398185265696096)
(0.7968699932098389, 22.198932655960235)
(0.7812495231628418, 22.12075856368434)
(0.796875, 22.24832641458584)

Promedio de tiempos:
0.7934486484527588 segundos
793.4486484527588 milisegundos

Desviación estándar:
0.01443904951160815 segundos
14.43904951160815 milisegundos

Promedio valor función objetivo:
22.234880275696668
Desviación estándar valor función objetivo:
0.01443904951160815