Tiempos de ejecución y valor de la función objetivo de metaheurística con 50 repeticiones de 40 iteraciones y 10 hormigas:

(Tiempo de ejecución, Valor función objetivo)
(0.5, 20.053683607325716)
(0.5000014305114746, 21.956189668344514)
(0.4999992847442627, 22.46042632188398)
(0.4999990463256836, 22.071828096570783)
(0.5156252384185791, 22.177806735439457)
(0.5156219005584717, 20.690958926506894)
(0.5, 22.35408863055707)
(0.4999992847442627, 22.313613609482804)
(0.49999499320983887, 21.754763136935267)
(0.5156266689300537, 22.669994326846922)
(0.5156252384185791, 22.10027265600278)
(0.5168168544769287, 22.347214443180327)
(0.5781228542327881, 22.212631670291714)
(0.5156228542327881, 22.40497324561423)
(0.5156307220458984, 22.210632899945388)
(0.5, 22.61581297906782)
(0.5156207084655762, 22.2813009578793)
(0.5156300067901611, 22.256226246712718)
(0.5000002384185791, 21.92714899840038)
(0.5000007152557373, 22.53519428125831)
(0.49999332427978516, 20.28818506216624)
(0.5156252384185791, 21.903922538626617)
(0.515629768371582, 22.27915629950727)
(0.5000011920928955, 22.67298351855597)
(0.515620231628418, 22.394706735673417)
(0.5156242847442627, 22.51576590256346)
(0.5781302452087402, 22.209450100922755)
(0.5156245231628418, 21.81866112420098)
(0.5156252384185791, 22.042502225251837)
(0.5156209468841553, 22.03152079112263)
(0.49999570846557617, 22.054884654128355)
(0.5156295299530029, 22.405277646683906)
(0.5156223773956299, 20.986912352525568)
(0.5156295299530029, 22.34076038672919)
(0.5156195163726807, 21.939465479521196)
(0.5156261920928955, 21.940440678383595)
(0.5156245231628418, 21.819574208466943)
(0.5156290531158447, 22.545957071737327)
(0.5312492847442627, 22.576224677306378)
(0.5156259536743164, 22.25888594399894)
(0.5636746883392334, 21.997985249599104)
(0.5156280994415283, 20.333923200964282)
(0.5156245231628418, 22.22043280340271)
(0.5312511920928955, 20.836224111412104)
(0.5156195163726807, 22.238911399098743)
(0.515629768371582, 22.18029924140871)
(0.515625, 21.85911265001681)
(0.5156197547912598, 21.994930089587225)
(0.5156300067901611, 22.40543158267391)
(0.49999451637268066, 20.139146891112052)

Promedio de tiempos:
0.5153596353530884 segundos
515.3596353530884 milisegundos

Desviación estándar:
0.01674900492801288 segundos
16.74900492801288 milisegundos

Promedio valor función objetivo:
21.972527921111887
Desviación estándar valor función objetivo:
0.01674900492801288