Tiempos de ejecución y valor de la función objetivo de metaheurística con 50 repeticiones de 20 iteraciones y 70 hormigas:

(Tiempo de ejecución, Valor función objetivo)
(1.3593754768371582, 22.559166429414994)
(1.3281209468841553, 21.740421455324267)
(1.343749761581421, 22.65497087740023)
(1.343745231628418, 22.43300294928584)
(1.3449456691741943, 22.286216575301363)
(1.34375, 22.48647151656982)
(1.421875, 22.28507065598139)
(1.3437459468841553, 22.449790265830018)
(1.343752145767212, 22.651474280794847)
(1.374999761581421, 20.76606257228764)
(1.343750238418579, 22.226079141865068)
(1.3450257778167725, 22.02400198453015)
(1.328125238418579, 22.316443019834203)
(1.3437435626983643, 22.40556338651985)
(1.3593754768371582, 22.207623605634055)
(1.3593790531158447, 22.238106058813763)
(1.34375, 22.67521042412933)
(1.34375, 22.43444873215038)
(1.3437504768371582, 22.082667022984843)
(1.3437504768371582, 22.280779857463703)
(1.3437426090240479, 22.56214485099325)
(1.3437492847442627, 22.70009928674794)
(1.376194715499878, 20.243143886676844)
(1.3749959468841553, 20.820622063473227)
(1.3749983310699463, 22.34534170282954)
(1.359375, 22.375655792096506)
(1.3437464237213135, 22.27610913518832)
(1.3437459468841553, 22.434922998916576)
(1.3593800067901611, 22.535196053139128)
(1.3437495231628418, 22.24378685495926)
(1.3437485694885254, 22.545518912128085)
(1.375000238418579, 20.774379050881002)
(1.3281259536743164, 22.366280820559332)
(1.3449020385742188, 22.63606378835217)
(1.343749761581421, 21.964674916193136)
(1.3906259536743164, 20.632845670642528)
(1.3593566417694092, 22.487787452983575)
(1.374997615814209, 22.28066810887875)
(1.3593766689300537, 21.981257408784266)
(1.343745470046997, 22.47671730184248)
(1.3593757152557373, 22.665528701123872)
(1.360563039779663, 22.337992083286622)
(1.3313429355621338, 21.88951205909642)
(1.3437440395355225, 22.42030287581799)
(1.3437552452087402, 22.372607256392154)
(1.375000238418579, 21.15856620950394)
(1.406250238418579, 22.080101417724315)
(1.3437495231628418, 22.4949788662786)
(1.3449180126190186, 22.336349603915686)
(1.3437488079071045, 22.252177128678603)

Promedio de tiempos:
1.3536442947387695 segundos
1353.6442947387695 milisegundos

Desviación estándar:
0.018628823259424807 segundos
18.628823259424806 milisegundos

Promedio valor función objetivo:
22.157898061403998
Desviación estándar valor función objetivo:
0.018628823259424807