Tiempos de ejecución y valor de la función objetivo de metaheurística con 50 repeticiones de 20 iteraciones y 20 hormigas:

(Tiempo de ejecución, Valor función objetivo)
(0.4531240463256836, 22.04564293509273)
(0.4531240463256836, 22.316575795843672)
(0.4531209468841553, 22.03070709900301)
(0.43749237060546875, 21.881673021594633)
(0.4531240463256836, 20.785923213566868)
(0.4531214237213135, 22.383515475968995)
(0.4531252384185791, 22.384936916038573)
(0.4531230926513672, 22.459859303802475)
(0.4531259536743164, 22.02001687056506)
(0.4531216621398926, 22.137768604256717)
(0.4531230926513672, 22.131934247523837)
(0.5156285762786865, 22.285731557818043)
(0.4531257152557373, 20.630959720490768)
(0.45432591438293457, 22.583125759212038)
(0.4531214237213135, 22.41196976674974)
(0.4531235694885254, 22.25108697567219)
(0.4531209468841553, 22.140539249623338)
(0.4531271457672119, 22.630577571632)
(0.4687511920928955, 22.068210450864676)
(0.4531259536743164, 22.35977233836433)
(0.4531242847442627, 22.563127118196718)
(0.453125, 22.563030710311352)
(0.4531214237213135, 22.533844265485634)
(0.4531245231628418, 22.071370095768646)
(0.4531264305114746, 22.045153128421695)
(0.4531254768371582, 20.763528026913956)
(0.4531219005584717, 22.505218604900996)
(0.4531245231628418, 22.731090450521897)
(0.45312023162841797, 22.168412249737884)
(0.45312976837158203, 22.36260522694062)
(0.4531276226043701, 22.62411835125718)
(0.45312070846557617, 22.37356775439462)
(0.4531254768371582, 21.96388813816944)
(0.4687492847442627, 22.609367343034798)
(0.4531259536743164, 22.505663215575353)
(0.45429015159606934, 22.24833022316618)
(0.4687516689300537, 20.517441368469278)
(0.4531283378601074, 22.19267089519407)
(0.45313167572021484, 22.549094003520622)
(0.5156121253967285, 22.32080527351994)
(0.4531247615814209, 22.146665319127123)
(0.453125, 22.113721234190198)
(0.4531285762786865, 22.249711968938783)
(0.45312070846557617, 21.660349451981322)
(0.453127384185791, 22.806423668552206)
(0.4687519073486328, 22.030457801233542)
(0.45312047004699707, 21.841405275977827)
(0.45312952995300293, 22.069365262147027)
(0.4531211853027344, 22.242880492429684)
(0.45312976837158203, 21.908615329216648)

Promedio de tiempos:
0.45660924434661865 segundos
456.60924434661865 milisegundos

Desviación estándar:
0.012983226375121025 segundos
12.983226375121024 milisegundos

Promedio valor función objetivo:
22.14444898241958
Desviación estándar valor función objetivo:
0.012983226375121025