Tiempos de ejecución y valor de la función objetivo de metaheurística con 50 repeticiones de 10 iteraciones y 90 hormigas:

(Tiempo de ejecución, Valor función objetivo)
(0.8750004768371582, 22.050304365866122)
(0.8750028610229492, 22.291204256191644)
(0.8906214237213135, 22.63946644924007)
(0.8906266689300537, 22.82514653039353)
(0.890625, 22.888652713209165)
(0.876192569732666, 22.196038452834454)
(0.8906264305114746, 20.348939794079772)
(0.8749995231628418, 22.5946429346242)
(0.8906252384185791, 20.4955555740143)
(0.8749995231628418, 22.09204205829786)
(0.8749961853027344, 22.20369557398995)
(0.8749971389770508, 22.77902556638573)
(0.8750002384185791, 22.125017563924153)
(0.8906259536743164, 21.987139459802993)
(0.8749942779541016, 22.409851660420422)
(0.8906302452087402, 22.51605015723216)
(0.8918046951293945, 22.25145235632235)
(0.8906209468841553, 22.80761062830279)
(0.8809428215026855, 21.999758005643308)
(0.9375219345092773, 22.650914136698923)
(0.874997615814209, 22.703991913122636)
(0.8905580043792725, 22.70054963821258)
(0.8750286102294922, 22.529605111038016)
(0.8863480091094971, 20.599054039088173)
(0.8750028610229492, 22.4640620463557)
(0.8906219005584717, 22.415737849059543)
(0.8906204700469971, 22.420769794360247)
(0.9062540531158447, 20.35712913805737)
(0.8802096843719482, 22.49113526370665)
(0.8749971389770508, 22.083898437132778)
(0.8750004768371582, 22.118000730238666)
(0.8749997615814209, 22.256681427812858)
(0.8749995231628418, 22.548487656817333)
(0.8750002384185791, 22.34016655198241)
(0.8749995231628418, 22.46345851738991)
(0.875, 22.041891842174675)
(0.8750002384185791, 22.265751933597752)
(0.8906252384185791, 22.39782136335282)
(0.9062495231628418, 22.58763321254168)
(0.876178503036499, 22.180303760772123)
(0.8749959468841553, 22.259889290396668)
(0.8906295299530029, 22.525576846375245)
(0.8750009536743164, 22.35026638660447)
(0.8593754768371582, 22.4215742266226)
(0.8749954700469971, 22.716629221613566)
(0.8749957084655762, 22.447954700961272)
(0.890629768371582, 22.598848313677216)
(0.8749980926513672, 22.192759407387918)
(0.8750002384185791, 22.56526417057917)
(0.8749997615814209, 22.18226280973474)

Promedio de tiempos:
0.8823953294754028 segundos
882.3953294754028 milisegundos

Desviación estándar:
0.012053518744851943 segundos
12.053518744851942 milisegundos

Promedio valor función objetivo:
22.247593276764814
Desviación estándar valor función objetivo:
0.012053518744851943